           1            1            1
     1.28755      2.40016     0.963805
     2.13311      4.47142       1.1139
     3.73672      7.96409      1.81775
     6.54253      13.7312      4.18019
     11.0428      21.7754      11.0168
     16.6848      27.1835      26.2064
     19.5551      18.6003       43.996
     15.3662      1.11309      46.7578
      7.5487     -7.58104      38.9204
     1.19832     -8.86713      32.4546
    -2.66817     -8.38156      28.7839
    -4.83317     -8.06128       26.673
    -6.12137     -8.21568      25.4447
    -7.04939     -8.74762      24.8899
    -7.86693     -9.45754      24.9697
    -8.63565     -10.0959      25.6467
    -9.28897     -10.3943      26.7723
    -9.69239     -10.1579      28.0306
    -9.72737     -9.39549      29.0034
    -9.37863     -8.35692      29.3625
    -8.76382     -7.39481      29.0337
    -8.07853     -6.77003      28.1834
     -7.5081     -6.57512      27.0792
    -7.17331     -6.78339      25.9757
    -7.12514      -7.3214       25.079
    -7.36207     -8.09992       24.554
    -7.84293     -9.00136      24.5309
    -8.48495     -9.84996      25.0811
    -9.15437     -10.4059      26.1559
    -9.67254     -10.4321      27.5177
    -9.86433     -9.84089       28.753
    -9.64396     -8.80848      29.4413
    -9.07581     -7.70448      29.3823
    -8.34617      -6.8728      28.6706
    -7.66783      -6.4812       27.573
    -7.19898     -6.53612      26.3756
    -7.01952     -6.96942      25.3137
    -7.14634     -7.69474       24.573
    -7.55291     -8.60935      24.3052
    -8.17367     -9.56235      24.6206
    -8.89363     -10.3268       25.539
    -9.54122     -10.6288      26.9059
    -9.91629     -10.2762       28.348
     -9.8712     -9.32914      29.3797
    -9.40261     -8.12581      29.6572
    -8.66699     -7.08248      29.1591
    -7.89585     -6.46406      28.1236
    -7.28902     -6.33204      26.8648
    -6.96344     -6.63062      25.6544
    -6.95954     -7.27263      24.7027
    -7.26633     -8.16432      24.1804
    -7.83478     -9.18002      24.2271
    -8.57119     -10.1203      24.9215
    -9.32175     -10.7035      26.2007
    -9.87857     -10.6534      27.7717
    -10.0419     -9.88962      29.1344
    -9.72807     -8.66027      29.8093
    -9.03664     -7.42065      29.6146
    -8.19913     -6.54845      28.7155
    -7.45643     -6.19084      27.4414
    -6.97146        -6.32       26.107
    -6.81599     -6.84711      24.9554
    -6.99724      -7.6799      24.1767
    -7.48165      -8.7131      23.9317
    -8.19661      -9.7827      24.3446
    -9.01327      -10.627      25.4394
    -9.73392     -10.9214      27.0323
    -10.1255     -10.4447      28.6716
    -10.0226     -9.29616       29.781
    -9.43989     -7.90749      29.9879
     -8.5794     -6.76545      29.3226
     -7.7138     -6.13911      28.0985
    -7.06005     -6.05686      26.6759
    -6.73236     -6.43389      25.3424
    -6.76188     -7.17185      24.3126
    -7.13033     -8.17674      23.7642
    -7.78404     -9.31971      23.8521
    -8.62183       -10.38      24.6722
    -9.47122     -11.0277      26.1604
     -10.091     -10.9305      27.9729
    -10.2472     -9.99886      29.5099
    -9.84937     -8.55383      30.2108
    -9.03063       -7.151      29.9015
    -8.07218     -6.21264        28.82
    -7.24798      -5.8673      27.3624
    -6.72862     -6.05204      25.8739
    -6.57941     -6.65791      24.6059
    -6.79971     -7.58992      23.7528
     -7.3519     -8.74636      23.4883
    -8.16083     -9.95712       23.959
    -9.08847     -10.9274      25.2105
    -9.91147     -11.2685      27.0471
    -10.3555     -10.7026      28.9395
    -10.2222     -9.34876      30.1955
    -9.53349     -7.74095      30.3829
    -8.53745     -6.45872      29.5735
    -7.55556     -5.78836      28.1609
    -6.82897     -5.72676      26.5588
    -6.47315     -6.15846      25.0731
    -6.51213     -6.97442      23.9235
    -6.92269      -8.0853      23.2954
    -7.65093     -9.36872      23.3642
    -8.59504     -10.5927       24.259
    -9.57002     -11.3774       25.941
    -10.2993     -11.3075      28.0384
    -10.4984     -10.2421      29.8413
     -10.048      -8.5583      30.6628
    -9.10363     -6.93592      30.2979
    -8.00201     -5.87359       29.053
    -7.06244     -5.49431      27.4022
     -6.4723     -5.69876      25.7309
    -6.29471     -6.35439      24.3013
    -6.52319     -7.36467      23.3125
    -7.11934     -8.64013      22.9515
    -8.01246     -10.0202      23.3972
    -9.06579     -11.1905      24.7432
    -10.0378     -11.6878      26.8242
    -10.6045     -11.1267      29.0573
     -10.506     -9.58829      30.5989
    -9.74173     -7.70589      30.8861
    -8.59889     -6.19904      29.9927
    -7.46208     -5.41039      28.4001
    -6.61411     -5.31404      26.5944
    -6.18185      -5.7575       24.911
    -6.18571     -6.61591      23.5759
    -6.59938     -7.80816      22.7802
    -7.37373      -9.2338      22.7211
    -8.41771     -10.6746      23.5782
    -9.54971     -11.7172      25.3845
     -10.465     -11.8323      27.8022
     -10.808     -10.7404      30.0257
     -10.384     -8.80686      31.1635
    -9.33624     -6.86435      30.8819
    -8.06004     -5.56273      29.5264
    -6.94566     -5.05984      27.6748
    -6.21914     -5.21947      25.7786
    -5.95104     -5.87299       24.121
    -6.13104     -6.91642      22.9038
    -6.72171     -8.28104      22.3222
    -7.66508     -9.84264      22.5897
    -8.84441     -11.3066      23.8799
    -10.0235     -12.1501      26.1356
    -10.8328     -11.8114      28.8065
    -10.9082     -10.1956      30.8827
    -10.1576     -7.97369      31.5281
    -8.87299     -6.08535      30.7013
    -7.52236     -5.03112      28.9672
    -6.46841     -4.79543      26.9301
     -5.8742     -5.17536      24.9855
    -5.76408     -6.01112      23.3726
     -6.1083     -7.22452      22.2812
    -6.86469     -8.75391      21.9197
     -7.9669     -10.4401      22.5228
    -9.26732     -11.8966      24.2517
    -10.4676     -12.4878      26.9308
    -11.1358       -11.66      29.7713
    -10.9242     -9.56451      31.6004
    -9.86773      -7.1577      31.7286
    -8.39513     -5.39296      30.4178
     -7.0117     -4.58547      28.3842
    -6.03388     -4.57954      26.2122
    -5.56568      -5.1408      24.2386
    -5.59676     -6.13174      22.6695
    -6.08709     -7.50035      21.6923
    -6.99443     -9.18864      21.5357
    -8.24511     -10.9965      22.4606
    -9.65818     -12.4366      24.6142
    -10.8692       -12.76      27.6876
    -11.3872       -11.45      30.6448
    -10.8969     -8.93374      32.1921
    -9.56742     -6.41089      31.8371
    -7.94373     -4.78608      30.1185
    -6.54454     -4.19147      27.8457
    -5.63576     -4.36708      25.5639
    -5.27146     -5.06853       23.558
    -5.41659     -6.18495      22.0102
    -6.02724     -7.69029      21.1106
    -7.06535     -9.53246      21.1122
    -8.45402     -11.4752      22.3103
    -9.98285     -12.9317       24.851
    -11.2224      -13.033      28.3039
    -11.6205     -11.2923       31.392
    -10.8894     -8.40033      32.7102
    -9.32092     -5.76998      31.9552
    -7.55966      -4.2467      29.9021
    -6.13231     -3.80568      27.4255
    -5.26202     -4.10717      25.0333
    -4.96328     -4.90291      22.9691
    -5.18285      -6.1066      21.3955
    -5.87648     -7.71933      20.5044
     -7.0149      -9.7063      20.5722
    -8.52787     -11.8181      21.9397
    -10.1909     -13.3888      24.7913
    -11.5197     -13.4092      28.6351
     -11.886     -11.3454      31.9756
    -10.9897     -8.08615      33.2342
    -9.21181     -5.27352      32.2126
    -7.29461     -3.75287       29.889
    -5.79153     -3.38124      27.2172
    -4.90215     -3.74404      24.6892
      -4.611     -4.57874      22.5177
     -4.8483     -5.81465      20.8446
    -5.56897     -7.48181      19.8539
    -6.75679     -9.58399      19.8343
    -8.36497     -11.9082      21.1798
    -10.1886     -13.7699      24.1807
    -11.7202      -14.002      28.4276
    -12.2318     -11.8386      32.2842
    -11.3158     -8.19204      33.8368
    -9.36707     -5.00805      32.7735
    -7.23892     -3.30217      30.2471
    -5.56632     -2.87601      27.3634
     -4.5627     -3.22007      24.6492
     -4.1931     -4.02413      22.2997
    -4.36667     -5.21176      20.4294
    -5.02982     -6.83745      19.1944
    -6.17818     -8.96636      18.8656
    -7.80679     -11.4967      19.8691
    -9.78507     -13.8631      22.6652
    -11.6645     -14.8154      27.1792
    -12.6305      -13.084      31.9217
    -12.0061     -9.13342      34.4549
    -10.0068      -5.2387      33.8324
    -7.58968     -2.97828      31.2434
    -5.58544     -2.27542      28.1157
    -4.30713     -2.48484      25.1361
    -3.72467     -3.17228      22.5165
    -3.71595     -4.20501      20.3377
    -4.19821     -5.63546      18.7011
    -5.16074     -7.58828      17.8071
    -6.63951     -10.1315      18.0293
    -8.62885     -13.0244      19.9405
    -10.8894     -15.2975      24.0222
    -12.7087     -15.1948       29.666
    -13.0501     -11.7574      34.3123
    -11.4878     -6.83647      35.4147
    -8.81936     -3.23006      33.3223
    -6.23494      -1.6989      29.9793
    -4.38304     -1.52431      26.6127
    -3.34265     -1.98197      23.5947
    -2.96287     -2.75217        20.99
    -3.09386     -3.80624      18.8274
    -3.66882     -5.26472      17.1881
    -4.71029     -7.30992      16.2684
    -6.29957     -10.0811      16.4748
    -8.48779     -13.4058      18.5038
    -11.0738     -16.2383      23.0907
     -13.261     -16.3598      29.7668
    -13.7372     -12.2944      35.4025
    -11.8956     -6.36435      36.6355
    -8.74512     -2.21524      34.0539
    -5.76537    -0.607312      30.2304
    -3.67703    -0.468706      26.5575
    -2.49445     -0.88699      23.3331
     -1.9866     -1.49114      20.5408
    -1.94494     -2.23812      18.1447
    -2.26186     -3.23517      16.1456
    -2.93227     -4.66898      14.6063
    -4.03972      -6.7851      13.7116
     -5.7357     -9.83068      13.8949
    -8.16788     -13.7864      16.0163
    -11.2331     -17.6002      21.2575
    -14.0566     -18.3237      29.5976
    -14.8481     -13.3209      37.0564
    -12.5888     -5.62286      38.5897
    -8.64211    -0.561237      35.1982
    -5.01746      1.14336      30.6649
    -2.54804       1.2303      26.6227
    -1.12528     0.920219      23.2095
      -0.379     0.666724      20.2859
  0.00587417     0.565587       17.749
    0.231162     0.610494      15.5369
    0.414928     0.794641      13.6081
    0.632432      1.14361      11.9331
    0.948909      1.72983      10.4962
     1.44554      2.69093      9.30869
     2.24486      4.25998      8.44406
     3.53957      6.79876      8.13216
     5.61303      10.7625      8.98756
     8.77509      16.2878      12.4333
     12.9446      21.6201        20.73
     16.5515      21.0411      33.6331
     16.3992      11.0136      42.4818
     11.8454     0.384005      40.8242
     6.20229      -4.0713      34.8351
     1.95342     -4.74391      29.6657
   -0.641133     -4.54361      25.8494
    -2.17376     -4.60481      22.9384
    -3.24187     -5.22139      20.7018
    -4.26402     -6.46222      19.1424
     -5.5111     -8.35602       18.445
    -7.14315      -10.834      18.9889
    -9.16528     -13.4674      21.2949
    -11.2685     -15.1156      25.5944
    -12.6904     -14.1988      30.8355
    -12.5542     -10.4546      34.4389
     -10.761     -6.03088      34.6444
    -8.21497     -3.12218      32.2905
    -5.92784     -2.02162      29.0667
    -4.36976     -2.03929      25.9046
    -3.56109     -2.60635      23.0885
    -3.36648     -3.50363      20.6918
    -3.67232     -4.74737        18.78
    -4.44361     -6.46758      17.4929
     -5.7167     -8.80664      17.1193
    -7.54315     -11.7426      18.1777
    -9.84508     -14.7044      21.3475
    -12.1451     -16.1234      26.7941
    -13.4087     -14.1088       32.771
    -12.6709     -9.10496      35.9231
    -10.1863     -4.30142      34.9877
    -7.24725     -1.73664      31.7841
    -4.88786     -1.04598      28.1779
    -3.40757     -1.27736      24.8716
    -2.69001     -1.88055       21.984
     -2.5393     -2.70325      19.5142
    -2.82757     -3.80843      17.4817
    -3.52672      -5.3643      15.9757
    -4.69782     -7.58606      15.2213
    -6.45596     -10.6302      15.6965
    -8.86634     -14.2633      18.2291
    -11.6689     -17.1575      23.6463
    -13.8718     -16.6488      31.1335
    -13.9878     -11.4797       36.734
    -11.5896     -5.00796      37.1064
    -8.05284     -1.07006      33.7834
     -4.9703     0.193024      29.6596
    -2.92288     0.164109      25.9142
    -1.79181    -0.248112      22.6811
    -1.28494    -0.723806      19.8831
    -1.17071     -1.23686       17.456
    -1.32611     -1.87511      15.3665
    -1.72313     -2.78127      13.6128
    -2.41241     -4.15498      12.2464
    -3.51918     -6.27277      11.4367
    -5.24258     -9.46539      11.6161
    -7.80914     -13.8748      13.7381
    -11.2268     -18.5646      19.3582
    -14.6157      -20.064       29.038
    -15.7747      -14.462      38.2528
    -13.2615     -5.19168      40.2283
    -8.69273     0.737385      36.2457
    -4.52285      2.63425      31.2407
    -1.63858      2.74435      26.9786
   0.0456927      2.54488      23.5278
     1.02401      2.60199        20.66
     1.72775      3.06218      18.2643
     2.43782      4.00483      16.3275
     3.36412      5.55749      14.9349
     4.69998      7.90912      14.3359
     6.63421      11.1979      15.0797
     9.25837      15.0983       18.126
     12.2463      17.9579      24.3625
     14.3952      16.6952      32.5146
     14.0843       10.506      37.8103
     11.1847      3.77486      37.2849
     7.39049     0.160125      33.3998
     4.27738     -0.80229      29.1141
     2.29055    -0.667228      25.3629
     1.20642    -0.298145      22.1573
    0.688345    0.0323641      19.3855
    0.489276     0.302001      16.9702
    0.470511     0.563843      14.8614
    0.573283     0.889622      13.0236
    0.792783      1.36633      11.4332
     1.16648      2.11499      10.0843
     1.77743      3.32219      9.01012
     2.77191      5.27975      8.34132
     4.38383      8.40124      8.45061
     6.91682      13.0777      10.2506
     10.5699      18.8799       15.591
     14.7571      22.3764      26.2957
     16.9913      17.3807      38.6017
     14.7114      5.87019      42.6228
     9.35349     -2.03426      38.1789
     4.24302      -4.3816       32.353
    0.802336     -4.45841      27.8233
    -1.22385     -4.30133      24.4159
    -2.47065     -4.56712      21.7609
    -3.45339     -5.41426       19.738
    -4.51794      -6.8994      18.4197
    -5.89192     -9.05372      18.0606
    -7.69778     -11.7503      19.1296
    -9.86071      -14.368      22.1936
    -11.9318     -15.4698      27.2201
    -13.0136     -13.4964      32.5023
    -12.2903     -9.00034      35.2184
    -10.0333     -4.70047      34.3631
     -7.3656     -2.33352       31.443
    -5.20245      -1.6622      28.0709
    -3.84237     -1.89708      24.9261
    -3.20956      -2.5564      22.1712
    -3.14673     -3.50591      19.8461
    -3.55322     -4.81165      18.0133
    -4.41668     -6.63167      16.8247
    -5.79556     -9.12269      16.6023
     -7.7548     -12.2437      17.9284
    -10.1987     -15.3069      21.5497
    -12.5603      -16.497      27.5367
    -13.6729     -13.8565       33.707
     -12.605     -8.34578      36.4464
     -9.8389     -3.53913      34.9554
    -6.78739     -1.20712      31.4475
    -4.44065    -0.695599      27.7399
    -3.01402     -1.00116      24.4089
    -2.36585     -1.60387      21.5676
    -2.27092     -2.28228      19.1898
    -2.44571     -3.24106      17.1208
    -3.02885      -4.6318      15.4933
    -4.06873     -6.65157      14.4881
    -5.66596     -9.53108       14.516
    -7.95645      -13.258      16.3486
    -10.8562     -16.9304      21.0509
    -13.6037       -17.97      28.7146
    -14.5918     -13.8145      36.0073
    -12.7667     -6.66019      38.1575
    -9.15071     -1.45932      35.3746
    -5.61388     0.530082      31.0667
    -3.11421     0.748224      27.0528
    -1.65894      0.42214      23.6129
   -0.924379     0.051047       20.651
   -0.611223    -0.261181      18.0757
   -0.535485    -0.548845      15.8292
   -0.609731    -0.883382      13.8719
   -0.811935     -1.35362       12.177
    -1.16895     -2.07847      10.7357
    -1.75528     -3.23564      9.57567
    -2.70556     -5.09981      8.81157
    -4.23543     -8.06568      8.77383
    -6.64107     -12.5323      10.2965
     -10.152     -18.2007      15.1115
    -14.2966     -22.0908        25.12
    -16.8257     -18.1689      37.4346
    -15.0533     -7.09828      42.4799
     -9.9505      1.31018       38.673
    -4.79029      4.08523      32.8563
    -1.21738      4.28783      28.1926
    0.902362       4.1081      24.6653
     2.18388      4.29721      21.9002
     3.15254      5.04452      19.7522
     4.16648      6.41827      18.2662
     5.46707      8.47579       17.662
     7.20766       11.168      18.3775
     9.38659      14.0206      21.0242
     11.6407       15.704      25.8651
     13.0765      14.4147      31.5961
     12.7369      10.0735      35.2137
     10.6414      5.32371      35.0135
     7.86574      2.44397      32.2564
     5.47811      1.48058      28.8022
     3.90474      1.58567      25.5247
     3.10575      2.16498      22.6354
     2.90929      3.01715      20.1665
     3.18747      4.17789      18.1551
      3.9045      5.79855      16.7093
     5.10932      8.06743      16.0797
     6.89307      11.0735      16.7655
     9.26497      14.4444      19.5474
     11.8654      16.7322      24.9833
     13.6674      15.5753      31.8259
     13.4155      10.4964      36.3368
     11.0119       4.8088      36.1542
     7.77629      1.48374      32.9432
     5.02371     0.448611      29.0822
     3.22287     0.547547      25.5353
     2.26915      1.03923      22.4438
     1.91836      1.67764      19.7709
     1.98816      2.47848      17.4887
     2.40265      3.57652      15.6124
      3.1857      5.17768      14.2325
     4.44675      7.53705      13.5936
     6.34532      10.8638      14.2319
     8.98346      14.9533      17.1268
     12.1067      18.2664       23.361
     14.5441      17.4949      32.0082
     14.4876       11.216      38.1041
     11.5841      3.91584       37.932
     7.59418    -0.100175      33.9503
     4.26698     -1.19716      29.5026
     2.12025     -1.09811      25.6476
    0.924937    -0.775313      22.3812
    0.311433    -0.546012      19.5687
 -0.00157856     -0.45845      17.1217
     -0.1841    -0.494862      14.9877
   -0.329473    -0.648763      13.1349
   -0.503371     -0.94938      11.5306
   -0.777784     -1.44922      10.1348
    -1.20813     -2.26547      8.95503
     -1.8891     -3.61042      8.04731
      -2.999       -5.809      7.57665
    -4.80232     -9.32275      8.00369
    -7.63541      -14.518      10.4745
    -11.6449     -20.5113      17.1895
    -15.8315      -22.642      29.5029
    -17.1484     -14.9328      41.1484
    -13.6515     -2.94799      42.4714
    -7.85349      3.52588      36.8371
    -2.96871       4.9653      31.1627
    0.139763      4.84035      26.9857
     1.96802      4.77816      23.8922
     3.16101      5.21538      21.5478
     4.16631      6.26629      19.8555
     5.32445      7.96185       18.958
     6.83111      10.2392      19.1833
     8.71403      12.7706      21.0025
     10.7482      14.6256      24.7153
     12.3017      14.3537      29.6277
      12.535      11.3259        33.56
     11.1564       7.1026      34.5109
     8.82936      3.92062      32.7271
     6.54093      2.48664      29.7452
     4.87609      2.29878      26.6437
     3.94811      2.77137      23.8248
     3.65734      3.62684      21.4082
      3.8914      4.83779      19.4736
     4.60251      6.50476      18.1611
     5.80902       8.7457      17.7452
     7.54277      11.5232      18.7012
     9.71578      14.3016      21.6312
     11.8962      15.6712       26.686
     13.1598      13.8578      32.3472
     12.4844      9.19537      35.4177
     10.1611      4.66884      34.6505
      7.4029       2.1718      31.6654
     5.14863      1.45817      28.2084
     3.72126      1.67825      24.9947
     3.04115      2.31319      22.1794
     2.93672      3.21513       19.789
     3.29483      4.44711      17.8699
     4.09581      6.17211      16.5501
     5.39919      8.57271      16.1167
     7.29034      11.6891      17.1219
     9.73707      15.0056      20.3669
      12.286      16.8432      26.2257
     13.8029      14.8922      32.9518
     13.1188      9.38271       36.659
     10.4408      3.99044      35.7198
     7.21371      1.15083      32.2475
     4.62091      0.40282      28.4059
      2.9889     0.609757      24.9396
     2.16068      1.13443      21.9261
     1.89446      1.79409      19.3238
     2.02645      2.63219      17.1108
     2.49925      3.79666      15.3113
     3.35048      5.50317      14.0338
     4.69806      8.01494      13.5573
     6.71284      11.5207      14.4835
     9.48674      15.6667      17.8759
     12.6347      18.5764       24.716
     14.7851      16.8154      33.4243
     14.1952      9.87215      38.5809
     10.9293       2.9151      37.4531
     6.93663     -0.50115      33.1913
     3.78851       -1.284      28.8035
     1.81936     -1.10214      25.0525
    0.739906    -0.791672      21.8705
    0.184247    -0.603551      19.1257
   -0.112397    -0.569128      16.7376
   -0.311485     -0.67517      14.6591
   -0.508209     -0.92264      12.8576
   -0.759517     -1.35533      11.2971
    -1.13174     -2.07741      9.96445
    -1.73348     -3.25739      8.89738
    -2.71185     -5.17905      8.22126
    -4.29259     -8.25949      8.28894
    -6.78968     -12.9134      9.99484
    -10.4377     -18.7717      15.1988
    -14.6837     -22.5063      25.8434
    -17.0607     -17.7716      38.4141
    -14.8922     -6.14209      42.8031
    -9.51235      2.02793      38.4255
    -4.31395      4.48944      32.5315
    -0.80094      4.58233      27.9653
     1.26408      4.42584      24.5658
     2.54054      4.70242      21.9302
     3.55667      5.55669      19.9276
     4.64064      7.04608      18.6457
     6.02187      9.19087      18.3424
     7.82263      11.8375      19.4728
      9.9584      14.3296      22.5504
     11.9517      15.2391       27.478
      12.903      13.1703      32.5264
     12.1099      8.79702      34.9978
     9.89078      4.71071      34.0683
     7.31565       2.4833      31.2034
     5.24324      1.86797      27.9119
     3.95217       2.1266      24.8382
     3.36767      2.81247      22.1566
     3.33854      3.81872      19.9315
     3.80209      5.21504      18.2103
     4.75484      7.12402      17.1652
     6.21301      9.68332      17.1752
     8.22319      12.7541       18.839
     10.6235      15.4752      22.8022
     12.7454      15.9745      28.7767
     13.4434      12.7662      34.2487
     12.0502      7.42039      36.0672
     9.26431      3.21699      34.1503
     6.41691      1.33486       30.665
     4.31599      1.02102      27.1081
     3.08826      1.40306      23.9228
     2.56205      2.07223      21.1591
     2.55126      2.96029      18.8131
     2.95723      4.17054      16.9189
     3.78101      5.89162      15.5944
     5.10615      8.34079       15.122
     7.05217      11.6181      16.0766
     9.63423      15.2701      19.3706
     12.4237      17.5312      25.6152
     14.1915      15.6602      33.1144
     13.5532      9.61559      37.4005
     10.6583      3.61571      36.4234
     7.13437     0.528689      32.6539
     4.31509    -0.244721      28.5789
      2.5536   -0.0308571      24.9978
     1.69706     0.358043      22.0337
       1.261     0.729801      19.3782
     1.13034      1.24011      17.0321
     1.30995      1.88506      14.9936
     1.72199      2.81548      13.2839
     2.42943      4.22814      11.9634
     3.56719      6.40725      11.2104
     5.34093      9.69195      11.4821
      7.9794      14.2066      13.7832
     11.4673      18.9018      19.7196
     14.8371      20.0825      29.7062
     15.8001      13.9603      38.7683
     13.0414      4.58406      40.2335
     8.35123     -1.09337      35.9411
     4.19773     -2.72139      30.8622
     1.45345     -2.72356      26.6611
   -0.140983      -2.5275      23.2627
    -1.08372     -2.61455      20.4374
    -1.77562     -3.11317      18.0793
    -2.49305     -4.10053      16.1817
    -3.44398     -5.70937      14.8399
    -4.82109     -8.13246      14.3212
    -6.81075      -11.494      15.2063
    -9.48769     -15.4006      18.4846
    -12.4709      -18.057      24.9761
    -14.4798     -16.3595      33.1141
     -13.931     -9.91635      37.9727
    -10.8828     -3.37037      37.0315
    -7.11159   -0.0353212      33.0371
    -4.09762     0.785289      28.7888
     -2.1994     0.608661      25.0894
    -1.17558     0.233237      21.9242
    -0.69604    -0.100242      19.1842
   -0.523662    -0.382097      16.7958
     -0.5289    -0.671406      14.7118
   -0.661305     -1.04605      12.8997
   -0.924693     -1.60297      11.3406
    -1.36647     -2.48016      10.0373
    -2.08339     -3.89205      9.04208
     -3.2431     -6.16666      8.53614
    -5.10328      -9.7375      9.01538
    -7.97297     -14.8681        11.66
    -11.9132      -20.446      18.5618
    -15.7973     -21.7694      30.5197
    -16.7053     -13.8644      40.9837
    -13.1343     -2.73236      41.6423
    -7.60792      3.10519      36.1888
    -3.02681      4.39621      30.7358
   -0.121445       4.2712      26.6109
     1.57649      4.20797      23.4545
     2.68004      4.63516      20.9779
     3.64494      5.65767      19.1232
     4.77154      7.33281      18.0123
     6.25923       9.6847      17.9591
     8.20211      12.5112      19.4918
     10.4592       14.984      23.1455
     12.4302      15.4379      28.5998
     13.1053      12.5891      33.6299
     11.8862      7.75146      35.4514
     9.35694      3.79365      33.8387
      6.7036      1.90899      30.6297
     4.70233      1.53985      27.2401
     3.52047      1.91278      24.1618
     3.03282       2.6378      21.4894
     3.08288       3.6423      19.2499
     3.58449      5.02542      17.5154
     4.54344      6.96207      16.4612
     6.03399      9.60462      16.4524
     8.11923      12.8532      18.1339
      10.655      15.8439      22.2651
     12.9554       16.529      28.6695
     13.7601      13.1322       34.654
     12.2874      7.32314      36.6437
     9.29386       2.8057      34.5519
     6.24964     0.846568      30.8468
     4.02071     0.539685       27.146
     2.71702      0.90839      23.8673
     2.13084       1.5077      21.0208
     2.04237      2.25856      18.5758
     2.33002      3.25468      16.5343
     2.97915      4.67536      14.9581
     4.06451      6.75877      14.0276
     5.72844      9.74303      14.1628
     8.11069      13.6078      16.1909
     11.1103      17.3476      21.2419
     13.8867      18.1561      29.3079
     14.7267      13.4755      36.6445
     12.6385      6.03154       38.387
     8.83984     0.944772      35.2444
     5.26453    -0.859871      30.8126
     2.79833    -0.994001      26.7853
     1.37365    -0.672644      23.3607
    0.640063    -0.361231      20.4203
    0.294688    -0.156297      17.8655
    0.146146   -0.0365491      15.6344
    0.091918    0.0377036      13.6828
   0.0840121    0.0981692      11.9749
     0.10406     0.168457      10.4804
    0.149716     0.270672      9.17297
     0.22907       0.4334       8.0313
    0.360553     0.702071      7.03988
    0.579792      1.15418      6.18888
    0.953397       1.9191      5.47714
     1.58909      3.21645      4.94562
     2.66215      5.41713      4.75224
     4.46709      9.07604      5.35732
     7.42006      14.7454      7.99503
     11.7971      21.7101      15.3105
     16.5902      24.5595       29.473
     18.1153      15.4102      43.0885
     13.9524      1.39611      43.9777
     7.30746     -5.43661      37.2742
     1.93755     -6.62106      31.3524
    -1.38293     -6.36418      27.4119
    -3.31712      -6.3185      24.7227
    -4.59179     -6.84738      22.8742
    -5.69334     -7.95276      21.8067
    -6.89911     -9.51125      21.6629
    -8.29558     -11.2371      22.6669
    -9.76142     -12.5683      24.9205
    -10.9473     -12.7235      28.0341
    -11.3797     -11.2446      30.8982
    -10.7927      -8.6647      32.2526
    -9.40934     -6.20084      31.7233
    -7.78846     -4.68115      29.9137
    -6.42916     -4.17559      27.6186
    -5.57383     -4.41266      25.3529
    -5.26489     -5.15809      23.3897
    -5.46158     -6.30563      21.9083
    -6.10829     -7.83302      21.0879
    -7.16964     -9.68767      21.1801
    -8.57394     -11.6095      22.4809
    -10.0928     -12.9836      25.1093
    -11.2788     -12.9459      28.5705
    -11.5899     -11.0884      31.5451
    -10.7843     -8.18804      32.6927
    -9.19077     -5.63885      31.8165
    -7.45039     -4.20858      29.7202
    -6.06614     -3.83291      27.2488
    -5.24196     -4.17526      24.8829
    -4.98535      -5.0024      22.8584
    -5.24625     -6.23511       21.346
    -5.97864     -7.86349      20.5428
    -7.13325     -9.84348      20.7071
    -8.64033     -11.9122      22.1646
    -10.2746     -13.3801      25.0672
    -11.5359     -13.2636       28.864
    -11.8153     -11.1243      32.0461
     -10.866     -7.91507      33.1357
    -9.09453     -5.21611      32.0329
    -7.22241     -3.78855      29.7091
    -5.77391     -3.46953      27.0722
    -4.93309     -3.86119      24.5891
    -4.68134     -4.71878      22.4679
    -4.95148     -5.98033      20.8551
     -5.7034     -7.67411      19.9469
    -6.92521     -9.78036      20.0526
    -8.54448     -12.0306      21.5473
    -10.3057     -13.7195      24.6247
    -11.7162     -13.7345      28.7691
     -12.094     -11.4739      32.3423
    -11.1087     -7.94774      33.6224
    -9.19122     -4.97259      32.4572
    -7.15265     -3.41784      29.9627
    -5.57613     -3.06662      27.1561
    -4.65192     -3.44893      24.5252
     -4.3446     -4.28697      22.2631
    -4.57126     -5.51718      20.4948
    -5.28466     -7.18942      19.3923
    -6.47832     -9.34232       19.243
    -8.12863     -11.8136      20.4709
     -10.062     -13.9514      23.4625
     -11.781     -14.5013       27.951
    -12.5048     -12.4403      32.3166
    -11.6956     -8.48645      34.3501
     -9.6115     -4.85754      33.3832
    -7.25818     -2.90362      30.7006
    -5.40107     -2.38848      27.6179
    -4.26233     -2.69447      24.7244
    -3.79252      -3.4484      22.2031
      -3.879     -4.55562      20.1391
    -4.45335     -6.08336      18.6531
     -5.5141     -8.14733      17.9773
     -7.0912     -10.7635      18.5247
    -9.13899     -13.5597      20.8683
    -11.3257     -15.3819      25.3171
    -12.8433     -14.5278       30.841
    -12.7391     -10.6385      34.7131
    -10.8891     -5.98817       34.997
    -8.24708     -2.93025       32.562
    -5.86248     -1.77254       29.228
    -4.22746     -1.77181      25.9751
    -3.36552     -2.31485      23.0829
    -3.12595     -3.16498      20.6087
    -3.38041     -4.33539      18.5996
    -4.08619     -5.96205      17.1703
    -5.28179     -8.21423      16.5747
    -7.04111       -11.15      17.3006
    -9.34933     -14.3636      20.0773
    -11.8349     -16.4313      25.3595
    -13.5039     -15.1713      31.8471
    -13.1935     -10.2854      36.0223
    -10.8565     -4.90369      35.7924
    -7.74342     -1.76176      32.7332
    -5.12531    -0.789091      29.0073
    -3.43205     -0.89625      25.5413
    -2.53892     -1.41672      22.5067
     -2.2433      -2.1272      19.8896
    -2.38801     -3.05315      17.6828
    -2.91159      -4.3419      15.9293
    -3.85073     -6.20776      14.7699
     -5.3194     -8.88291      14.5399
    -7.45425     -12.4355      15.9177
     -10.239     -16.2184      19.9342
    -13.0926     -18.0241      27.0466
    -14.5518      -14.985      34.7455
    -13.2995     -8.11314      38.0959
    -9.93395     -2.32776      36.0868
    -6.30495     0.212742      31.9098
    -3.60758     0.665444      27.8224
    -2.00168     0.419582      24.3356
    -1.12811     0.074802      21.3065
   -0.714397    -0.262941      18.6552
   -0.605242    -0.575627      16.3392
   -0.668705     -0.93581      14.3208
   -0.871765      -1.4341      12.5749
    -1.24075     -2.19219      11.0937
    -1.85016     -3.39325      9.90898
    -2.83578     -5.31732      9.14566
    -4.41459      -8.3572       9.1567
    -6.87807     -12.8783      10.8154
     -10.423     -18.4552      15.8738
    -14.4805     -21.8938      26.0373
     -16.722     -17.4006      37.9108
    -14.6829     -6.47938      42.2107
    -9.59615      1.38928      38.2042
    -4.61665      3.90341       32.505
     -1.1987      4.05705      27.9295
    0.824649      3.88232      24.4284
     2.04869      4.07407      21.6558
     2.97963      4.81019      19.4778
     3.96401      6.16397      17.9365
      5.2404       8.2113      17.2429
     6.97126      10.9437      17.8317
     9.18156      13.9549      20.3517
     11.5502      15.9533      25.2044
     13.1902      14.9675       31.263
     13.0306      10.5891       35.391
     10.9544      5.49966      35.4804
     8.06439      2.31912      32.7366
     5.53139      1.17788      29.2107
     3.79223      1.18303      25.8222
      2.8561      1.69856      22.8166
     2.55723      2.45659      20.2245
     2.72453      3.47019      18.0598
     3.30079      4.88094      16.3883
     4.32564      6.89367      15.3871
     5.90404      9.69836      15.4485
     8.13132      13.2243      17.3008
     10.8774      16.5325      21.8602
     13.3823      17.2434      28.9997
     14.1914      13.2694       35.562
     12.4406      6.73989       37.432
     9.08797      1.96417      34.8586
     5.80234    0.0707559      30.8123
     3.45089     -0.14305      26.9763
     2.09827     0.245167      23.6391
     1.48681     0.738625      20.7308
     1.30861      1.27426      18.2072
     1.42813       1.9299      16.0346
     1.80994      2.84328      14.2116
     2.49147      4.21299      12.7897
       3.588      6.30828      11.9366
     5.28869      9.44267      12.0763
     7.80605      13.7356      14.1285
     11.1364      18.2674      19.5647
     14.4296      19.7395       28.886
     15.5942      14.4486       37.827
     13.2285      5.51924      39.9223
     8.80196    -0.349249      36.1293
     4.70907     -2.22155       31.175
     1.95427     -2.32281      26.9775
    0.329923     -2.13155      23.5335
   -0.637193      -2.1145      20.6197
    -1.27464     -2.43312      18.1499
     -1.8671     -3.15616      16.0889
    -2.61832     -4.39153      14.4745
    -3.70405     -6.33199      13.4567
    -5.31995     -9.21703      13.4134
     -7.6567     -13.1139      15.1379
    -10.7057     -17.2238      19.8555
     -13.756     -18.8295      28.0137
    -15.0559     -14.6999      36.2811
    -13.2545     -6.82807      39.0071
    -9.36699     -1.00169      36.0909
    -5.51542      1.18706      31.4974
    -2.80358      1.44143      27.3335
    -1.19772      1.19481      23.8334
   -0.300522     0.971106      20.8281
    0.185155      0.91998      18.2271
    0.496415      1.06627      15.9675
    0.788984      1.42383      14.0115
     1.16415      2.05584      12.3415
     1.72141      3.09484      10.9735
      2.5935      4.76801      9.99761
     3.97506      7.41563         9.68
     6.13252       11.413      10.6924
     9.30612      16.6668      14.4626
     13.2408      21.0606      22.8608
     16.2176      19.3234       34.598
       15.54      9.80921      41.5431
     11.1987     0.669757      39.4917
     6.09323     -3.12373      33.9622
     2.29375     -3.70864      29.0842
-0.000146728     -3.55856      25.3477
    -1.39854     -3.61215      22.3325
    -2.36866     -4.10238      19.8919
    -3.25207     -5.15852      18.0174
    -4.34247     -6.87176      16.8336
    -5.83942     -9.33608      16.6605
    -7.86697     -12.4511      18.0881
    -10.3402     -15.4521      21.8521
    -12.6684     -16.4539      27.9299
    -13.6698     -13.5791      33.9859
     -12.475     -8.01341      36.4542
    -9.65406      -3.3386      34.7759
    -6.62912      -1.1451      31.2288
    -4.34509    -0.698089      27.5569
    -2.96863     -1.00443      24.2691
    -2.31193     -1.59426      21.3982
    -2.18416     -2.36082      18.9302
    -2.46112     -3.38026      16.8742
    -3.11385     -4.82858      15.2983
    -4.21089     -6.93689      14.3914
    -5.88775     -9.92366      14.5834
    -8.26686     -13.7232      16.6974
    -11.2129     -17.2661      21.7929
    -13.8553     -17.7903       29.685
    -14.5386     -13.0436      36.5975
     -12.409     -5.87522      38.0443
    -8.70505     -1.06471      34.9035
    -5.26332     0.629696      30.5777
    -2.90463     0.752171      26.6489
    -1.53372     0.435603      23.2776
   -0.827778    0.0880179      20.3593
   -0.529714    -0.194729       17.819
   -0.453339    -0.446921      15.6012
   -0.509403    -0.734816      13.6667
   -0.676661     -1.13497      11.9865
   -0.977196     -1.74941      10.5456
    -1.47383     -2.73215      9.35672
    -2.28235     -4.32557      8.49633
    -3.59408     -6.89661      8.20161
    -5.69266     -10.8982      9.10311
     -8.8834      -16.438      12.6484
    -13.0549     -21.6674      21.0761
    -16.5598      -20.834      33.9042
    -16.2758     -10.8079      42.4057
    -11.7622    -0.415583      40.6454
    -6.21357      3.94803      34.7582
    -2.02368      4.67884      29.6671
    0.597312      4.51374      25.8473
     2.13822      4.57778      22.9288
     3.20373      5.18863      20.6812
     4.22543      6.41983      19.1076
     5.47092      8.30628      18.3907
     7.10107      10.7862      18.9085
     9.12623      13.4411      21.1866
     11.2438      15.1381      25.4735
     12.6933       14.283      30.7425
     12.5932      10.5712       34.418
     10.8298      6.12164      34.6997
     8.28753      3.15938      32.3889
     5.98468      2.00771       29.184
     4.39169      1.98319      26.0162
     3.54132      2.52578      23.1757
     3.31752      3.40122       20.748
     3.59782      4.61707      18.7979
     4.33963      6.30227      17.4578
     5.57935      8.60511      17.0032
     7.37524      11.5293      17.9391
      9.6698      14.5617      20.9568
     12.0213      16.1915      26.3141
     13.4127      14.4483      32.4186
     12.8292      9.53445      35.8937
     10.4286      4.57775      35.2165
     7.46336      1.82178      32.0886
      5.0313      1.02301       28.475
      3.4871      1.19003       25.158
      2.6949      1.74021      22.2378
     2.47038      2.52062      19.7157
     2.70203       3.5648      17.6173
     3.33785      5.03195      16.0196
     4.42715      7.13712      15.1194
     6.08711       10.065      15.3453
     8.41078      13.6934      17.4813
     11.2247      16.9249      22.4521
     13.6632      17.1861       29.892
     14.2069      12.6208      36.2119
     12.1498      5.96324      37.4652
     8.66052       1.4729       34.503
     5.41311    -0.152258      30.3641
     3.17283      -0.2579      26.5203
     1.89895     0.120534       23.198
     1.29878     0.582909      20.3247
     1.11875       1.0704      17.8284
     1.22143      1.66092      15.6819
     1.59013      2.45388      13.9278
     2.18535      3.60184      12.5121
     3.08497      5.44949      11.5187
     4.57536      8.25808      11.3061
     6.84743      12.3053      12.6395
     10.0284      17.1737      16.9396
     13.6344      20.3093      25.5012
     15.8216       17.145      35.8244
     14.4811      8.11332      40.5727
     10.2387     0.598422       37.888
      5.6964     -2.33561      32.7583
     2.40551     -2.73818      28.1921
    0.423373     -2.52628      24.5164
   -0.716663     -2.46409       21.491
    -1.45464     -2.76734      18.9512
    -2.10993     -3.51668       16.849
     -2.9165      -4.8122      15.2329
    -4.06424      -6.8283      14.2773
    -5.74378     -9.76033       14.395
     -8.1124      -13.559      16.3947
    -11.0738     -17.2174      21.3666
    -13.8034     -17.9975      29.2745
    -14.6345     -13.4309      36.4694
    -12.6021     -6.14486       38.223
    -8.88056     -1.11411      35.1684
    -5.35641     0.702819      30.7965
    -2.91533     0.851678      26.8036
    -1.50459     0.532931      23.4014
      -0.776     0.201642      20.4666
   -0.445198   -0.0525286      17.9095
   -0.334775    -0.253081      15.6756
   -0.345561    -0.455977       13.724
   -0.442008    -0.721126      12.0216
   -0.629947     -1.11932      10.5439
   -0.946752     -1.75315      9.28037
    -1.46687     -2.78598      8.24889
    -2.31935     -4.48144      7.53798
    -3.71495     -7.24218      7.41761
    -5.96427     -11.5565      8.61081
    -9.38795     -17.4602      12.7779
    -13.7776     -22.5898      22.3397
    -17.1091     -20.3688      35.9456
    -16.0775      -8.9252      43.3451
    -10.9262      1.13923      40.1887
    -5.24398      4.73575       33.977
    -1.19309      5.08584        29.03
     1.22841      4.88125      25.4412
     2.68241      5.05249       22.734
      3.7558      5.81662      20.7188
     4.84199      7.21205      19.4423
     6.18289      9.22091      19.1353
     7.88954      11.6581       20.199
     9.87131      13.8895      23.0468
     11.6856      14.6529      27.5115
     12.5424      12.7906      32.0437
     11.8352      8.89951      34.3397
      9.8356      5.19542      33.6284
     7.50617      3.08365      31.0619
     5.59893      2.43748      27.9943
     4.38354      2.66693      25.0743
     3.84632      3.37226      22.5114
     3.87619      4.43399      20.3958
      4.3963      5.90606      18.8414
     5.39833      7.90165      18.0647
     6.91178      10.4541      18.4546
     8.90584      13.2502      20.5698
     11.0915      15.2386        24.78
     12.7178      14.7369      30.2513
     12.8218      11.1362      34.3917
     11.1488      6.45519      35.0511
     8.54283      3.19007      32.8339
     6.10164      1.86718      29.5538
     4.39039      1.78345      26.2876
     3.45999      2.29271      23.3634
     3.16763      3.12932      20.8542
     3.40385      4.28379      18.8509
     4.11036      5.80408       17.467
     5.19253      7.93984      16.8054
     6.84422      10.7646      17.3538
     9.06632      13.9255      19.8175
     11.5173      16.1675      24.7254
     13.2998      15.3844      31.0675
      13.253      10.9344      35.5808
     11.1649      5.55864      35.8507
     8.15367      2.15369      33.0416
     5.48086     0.957858      29.3692
     3.68017     0.975974      25.8931
     2.71302      1.47702      22.8391
     2.37077       2.1974      20.2096
     2.49315       3.1448      17.9937
       3.016      4.45293      16.2335
     3.96138      6.33196      15.0804
     5.43464      9.00401      14.8778
     7.56323      12.5096      16.3002
     10.3097      16.1631      20.3365
     13.0723      17.7751      27.3345
     14.4186       14.665      34.7368
     13.1268      7.97937      37.8449
     9.82755      2.41984      35.8264
     6.30234   -0.0250448      31.7369
     3.67746    -0.464297      27.7014
     2.09564    -0.176611       24.205
     1.28902     0.256127      21.1974
    0.976409     0.685529      18.5802
    0.961983      1.14471       16.301
     1.15497      1.73779      14.3355
     1.55691      2.60404       12.682
     2.23439      3.94054      11.3868
     3.32115       6.0311      10.6093
     5.02793      9.23419      10.7695
     7.60768      13.7611      12.8294
     11.1215      18.7781      18.4609
     14.7343      20.7219      28.5362
     16.1216      15.0843      38.5329
     13.5877      5.18508      40.8702
     8.75908     -1.17136      36.6711
      4.3387     -3.06473      31.4199
     1.39347     -3.11133      27.1027
   -0.327829      -2.9239      23.6575
    -1.35911     -3.04532      20.8277
    -2.12769     -3.62351      18.5014
    -2.93269     -4.74085      16.6861
    -3.99767     -6.52466      15.5134
    -5.51677     -9.12906      15.3161
    -7.64323     -12.5391      16.7507
    -10.3369     -16.0293      20.7465
    -12.9954     -17.4625      27.5443
    -14.2428     -14.3673      34.6053
     -12.956      -7.9461      37.5203
     -9.7701     -2.61706      35.5744
    -6.37298    -0.225939      31.6293
    -3.81529     0.233211      27.6724
    -2.26623   -0.0549289      24.2016
    -1.49373    -0.515355      21.2028
     -1.2148     -1.01011      18.6023
    -1.25247     -1.58546      16.3536
    -1.53837     -2.36005      14.4396
    -2.08887     -3.50569       12.884
    -2.99497     -5.26337      11.7936
    -4.42309     -7.94884      11.4622
    -6.59857     -11.8397      12.5806
    -9.67382     -16.6306      16.4771
    -13.2572     -20.0749      24.5277
    -15.6681     -17.7085      34.8258
    -14.7292     -9.11181      40.3357
    -10.7363       -1.264      38.2931
    -6.18353      2.10785      33.3038
    -2.73453      2.70652      28.6554
   -0.622277      2.51452      24.8871
    0.578485      2.41929       21.785
     1.34174      2.67347      19.1827
     1.99662      3.35804       17.024
     2.77196      4.56971      15.3393
     3.86007      6.47563      14.2775
      5.4551      9.27928       14.208
     7.72901      13.0011      15.8814
     10.6473      16.8322      20.4016
     13.5164      18.2478      28.0663
     14.7249      14.3963       35.763
     13.0578      7.09719      38.4027
     9.42729      1.55773      35.7824
     5.78757    -0.639684      31.4485
     3.17266    -0.973554      27.3865
     1.58188    -0.702336       23.884
    0.750897    -0.376136      20.8755
    0.363196    -0.145531      18.2624
    0.197129   0.00244925      15.9814
    0.142033     0.107538      13.9867
     0.14732     0.206963      12.2417
    0.194912     0.334472      10.7156
    0.286941     0.527732      9.38263
    0.442154     0.839801      8.22273
    0.699056      1.35568      7.22486
     1.12587      2.21806      6.39753
      1.8396      3.66677      5.79916
     3.03453       6.0899      5.62667
     5.01031      10.0416       6.4529
     8.16631      15.9419      9.69551
     12.6614      22.4328      18.0184
      17.018      23.2805      32.4464
     17.4639      12.6115      43.7328
     12.7009   -0.0273735        42.56
     6.33608     -5.37494      35.8952
      1.4925     -6.12484      30.4022
    -1.44913     -5.87396      26.6465
    -3.18056     -5.93349      23.9811
    -4.37986     -6.58998      22.1022
    -5.49591      -7.8448      21.0123
    -6.77834      -9.5952      20.8977
    -8.30487     -11.5589      22.0428
    -9.94184     -13.1033      24.6166
    -11.2824     -13.2812      28.2084
    -11.7501     -11.5105      31.4958
    -11.0092     -8.48532      32.9815
    -9.37685      -5.7408      32.2721
    -7.57655      -4.1265      30.1578
    -6.08685     -3.62613      27.5992
    -5.15405     -3.89346      25.1188
    -4.80895     -4.66085       22.963
     -4.9909     -5.83664      21.2867
    -5.65189     -7.43112      20.2716
    -6.76906     -9.43588      20.1896
    -8.29135     -11.6476      21.4014
    -10.0241     -13.4408      24.1688
    -11.5005     -13.7564      28.1285
    -12.0519     -11.8641      31.8198
    -11.2814     -8.50272      33.4693
    -9.50718      -5.4221      32.6652
    -7.48847     -3.64708      30.3702
    -5.82672     -3.11754       27.609
    -4.79508      -3.3982      24.9514
    -4.39725     -4.16906      22.6343
    -4.54371       -5.336      20.7904
    -5.17984     -6.93432      19.5814
    -6.29533      -9.0084      19.2732
    -7.87334     -11.4377      20.2685
    -9.77147     -13.6613       22.976
    -11.5481     -14.5054      27.2688
    -12.4405     -12.8401      31.7188
    -11.8429      -9.1349      34.0975
     -9.9627      -5.4607      33.5407
    -7.67351     -3.28316      31.1015
    -5.75721     -2.58471      28.1018
    -4.53849     -2.79003      25.2348
    -4.00826     -3.45904      22.7446
    -3.99862      -4.4778      20.6618
    -4.46837     -5.92677      19.1096
    -5.44221     -7.88516      18.3185
    -6.92043     -10.3818       18.674
    -8.86534     -13.1078      20.7122
    -10.9969     -15.0532      24.7786
    -12.5944     -14.6136      30.0785
    -12.7317     -11.1828      34.1474
    -11.1442     -6.64207      34.8865
    -8.62174     -3.40623      32.7942
    -6.22813     -2.05418      29.6004
    -4.53401     -1.94197       26.382
     -3.6072     -2.44011       23.493
    -3.30942      -3.2814      21.0319
    -3.52249     -4.47036      19.0493
    -4.22996     -6.10024      17.6292
    -5.42483     -8.32064      17.0503
    -7.15393     -11.1757      17.7945
    -9.39685      -14.232      20.5384
    -11.7717     -16.1074       25.641
    -13.3222     -14.8018      31.7812
    -12.9815     -10.1474      35.6732
    -10.7452      -5.0633       35.423
    -7.79166     -2.04787      32.4709
    -5.27424     -1.07748      28.8562
    -3.62547     -1.18981      25.4738
    -2.77708     -1.74194      22.5046
    -2.53012     -2.52103      19.9536
     -2.7385     -3.56029      17.8319
    -3.35525     -5.01287       16.211
     -4.4262     -7.08998      15.2817
    -6.06039     -9.97595       15.461
    -8.34873     -13.5618      17.5152
    -11.1491     -16.7905      22.3976
    -13.6167     -17.0545      29.8043
      -14.12     -12.5458      36.0631
    -12.0855      -6.0232      37.3102
    -8.66717     -1.60832      34.4107
    -5.47263   0.00540922      30.3287
    -3.26265     0.112508      26.5165
    -2.00885     -0.27593      23.2119
    -1.42992    -0.766742      20.3534
    -1.28121     -1.30493      17.8758
    -1.42634     -1.97165      15.7457
     -1.8288     -2.91059      13.9643
    -2.53412      -4.3243      12.5911
    -3.66551     -6.49062      11.8079
    -5.42394     -9.72499      12.0597
    -8.02211     -14.1117      14.3156
    -11.4154     -18.5978      20.0873
    -14.6543     -19.6669      29.6751
    -15.5766     -13.8286      38.3452
    -12.9493     -4.86576      39.8467
    -8.44295     0.682144      35.7823
    -4.40957      2.34223      30.8244
    -1.72417      2.36749      26.6465
   -0.167055        2.144      23.2288
    0.731008      2.15134      20.3616
     1.35357       2.5137      17.9371
     1.96374      3.29225      15.9314
     2.74904      4.59878      14.3874
     3.88086      6.63569      13.4641
     5.56575      9.63677      13.5783
     7.98864        13.61      15.5828
     11.0833      17.5817      20.7059
     14.0164      18.6204       29.101
     14.9773      13.8305      36.9185
     12.8454       5.9788      38.8354
     8.88293     0.625658      35.5485
     5.14979     -1.23806      30.9599
     2.57811     -1.37295      26.8547
     1.08557     -1.07681      23.4003
    0.293522    -0.841773      20.4543
   -0.126409    -0.784366      17.9128
    -0.39999    -0.911842      15.7011
   -0.664408     -1.22227      13.7703
   -0.994393     -1.77183      12.1083
    -1.47847     -2.67879      10.7238
    -2.24002     -4.14594       9.6796
    -3.45532     -6.49483      9.17546
    -5.37903     -10.1353      9.74167
    -8.29782     -15.2373      12.5974
    -12.1958     -20.4652      19.7483
     -15.821     -21.0448      31.4868
    -16.3454     -12.8684      40.9574
    -12.6522     -2.39173      40.9691
    -7.31273      2.88705      35.5947
    -2.96995      4.01622      30.3331
   -0.231046       3.8656      26.2986
     1.34646      3.78711      23.1389
     2.36427      4.17987      20.6031
     3.26185      5.14086      18.6446
      4.3201      6.74856      17.3688
     5.74608      9.07826      17.0626
     7.67183      12.0414      18.2602
     10.0369      14.9731      21.6454
     12.3281      16.1905       27.289
     13.4675      13.8452      33.2196
     12.5542      8.68126      36.0561
     9.97139      3.98317      34.8408
     7.03096      1.58341      31.5316
     4.71944     0.994995      27.9168
      3.2965      1.27163      24.6325
     2.63776       1.8866      21.7965
     2.52726      2.68075      19.3875
     2.79855      3.76874      17.3755
     3.48555      5.31888      15.8718
     4.65555      7.53736      15.1083
     6.41202      10.5909      15.5676
       8.828       14.256      18.0846
     11.6532      17.2118      23.5118
     13.8919      16.7615      31.0642
     14.0314      11.5945      36.7478
      11.649      5.08381      37.1738
     8.11553      1.09249      33.8676
     5.00987     -0.20409      29.7343
     2.93859    -0.187976      25.9748
     1.79186     0.216331      22.7303
      1.2666     0.682189      19.9373
      1.1247      1.20147      17.5389
     1.28425      1.84372      15.4509
     1.69287      2.72841       13.681
     2.36784      4.07368      12.2934
     3.45031      6.14652      11.4495
     5.13972      9.27817      11.5641
     7.66246      13.6353      13.5589
     11.0488      18.3696      18.9742
     14.4829      20.1428      28.5103
     15.8067      14.8856      37.9419
     13.4569      5.59242      40.3191
     8.90051    -0.573937      36.4512
      4.6555     -2.53392      31.3633
     1.77841     -2.62977      27.0671
   0.0940367     -2.41159       23.586
   -0.879523     -2.42803      20.6995
    -1.53879     -2.84549      18.3119
    -2.21112     -3.74046      16.3465
    -3.11274     -5.18215      14.8613
    -4.37082     -7.39506      14.1031
    -6.20028      -10.556      14.5604
    -8.74011     -14.4862      17.1474
     -11.776     -17.8208      22.9115
    -14.2536     -17.4978      31.1833
    -14.4512     -11.8275      37.4855
    -11.8487     -4.65635      37.8751
    -8.00214    -0.406684       34.219
    -4.66959     0.884895      29.8386
    -2.47034     0.848341      25.9634
    -1.23888     0.497079      22.6643
    -0.63306     0.182845      19.8334
   -0.377264   -0.0254378      17.3873
   -0.274018    -0.177107      15.2329
   -0.260558    -0.337154       13.336
   -0.331193     -0.53899      11.6768
    -0.47407    -0.843404      10.2316
   -0.714266     -1.33058      8.98428
    -1.11138     -2.12636      7.93605
    -1.76727     -3.44067      7.13126
    -2.85165     -5.61244      6.72611
    -4.63337     -9.12993      7.16895
    -7.47207     -14.4258      9.60797
    -11.5666     -20.7291      16.3521
    -15.9658     -23.2876      29.0934
    -17.4786     -15.4387      41.5247
    -13.9058     -2.77986      43.0553
    -7.85959      4.01606      37.1656
    -2.77225      5.46865      31.3527
    0.450381      5.31391      27.1857
     2.33581      5.25089      24.1549
     3.55445      5.73025      21.9295
     4.58074       6.8865      20.4882
      5.8418      8.63889       19.844
     7.41131      10.8027       20.393
     9.21591      12.9662      22.5136
     10.9945      14.1448      26.2196
     12.1132         13.2         30.5
     11.9321      10.1059      33.3636
     10.4317      6.49767      33.5451
     8.30916      4.02022      31.6136
     6.36477      3.00733      28.8311
     5.02066      3.01295      26.0075
     4.34395      3.60498       23.471
     4.25619      4.59561      21.3605
     4.67447      5.98288      19.7971
     5.56756       7.8438      18.9784
      6.9464      10.1869      19.2504
     8.76516      12.7209      21.0864
     10.7557       14.548       24.777
     12.2727      14.2612      29.6251
     12.4879      11.2695      33.4876
     11.1204      7.11347       34.416
     8.82325      3.97895      32.6554
     6.56467       2.5615      29.7076
     4.92088      2.37698      26.6344
     4.00745      2.85397      23.8405
     3.73076      3.71756      21.4547
     3.97784      4.93531      19.5584
     4.69345       6.6077      18.2857
     5.90099       8.8474      17.9148
     7.63359       11.597      18.9248
     9.78769      14.2945      21.8968
        11.9      15.5274        26.89
     13.0426      13.6992      32.2957
     12.3926      9.23268      35.2149
     10.1695      4.83727      34.5004
     7.47829      2.36413      31.6166
     5.26706      1.63316      28.2292
     3.86222      1.84265      25.0582
     3.19733      2.48768      22.2803
     3.11351      3.41519      19.9393
     3.49408      4.68061      18.0823
     4.31477       6.4498      16.8394
     5.64705      8.88585      16.5201
     7.56354      11.9778      17.6907
     9.98896      15.1164      21.1106
     12.4071      16.5669      26.9744
     13.6797      14.2554      33.3109
     12.7916      8.81964      36.4423
     10.1003      3.81571      35.2228
     7.00828       1.2765      31.7755
     4.57712     0.656503      28.0403
     3.07339     0.914164      24.6681
     2.34215      1.48853       21.737
     2.16677      2.22796      19.2301
     2.39559      3.18663      17.1346
     2.97559      4.54362      15.4838
     3.98518       6.5244      14.4476
     5.55715      9.35724      14.4118
     7.81963      13.0639      16.1328
     10.7098      16.8098      20.6873
     13.5128      18.0793      28.2875
     14.6361       14.164      35.7773
     12.9348       6.9862      38.2434
     9.34215      1.59433      35.6033
     5.75376    -0.529871      31.2864
     3.18886    -0.800134      27.2291
     1.67983    -0.488352      23.7544
    0.907977    -0.121609      20.7711
    0.578436     0.178236       18.197
    0.492656      0.41892      15.9678
    0.516352     0.688823      13.9994
    0.652292       1.0697      12.2771
    0.931238      1.64503      10.7938
     1.39386      2.56485      9.55946
     2.14651      4.05439      8.63801
     3.36995      6.45893      8.23328
      5.3347      10.2283      8.89696
     8.35454      15.5778      11.9305
     12.4295      21.0981      19.5357
     16.2066      21.5456      32.0478
     16.6067      12.5479      41.8166
      12.554      1.56609      41.3242
     6.93889     -3.61512      35.5529
     2.49919     -4.59017      30.2182
   -0.259618     -4.42045      26.2379
    -1.87719     -4.41948      23.1972
    -2.97744     -4.94692      20.8622
    -4.00312     -6.03507      19.2258
    -5.14321     -7.76285      18.3306
    -6.64847     -10.1476       18.526
    -8.60671     -12.8686      20.3479
    -10.7783     -14.9848      24.2212
    -12.5019     -14.8729       29.529
    -12.8354     -11.6833      33.9095
    -11.3982     -7.07863      35.0352
    -8.89898     -3.61118       33.141
    -6.43405     -2.07348      29.9721
    -4.64305     -1.86561      26.7137
    -3.63242     -2.31738      23.7694
    -3.27428     -3.11912      21.2375
    -3.43402     -4.24401      19.1714
    -4.06495     -5.80176      17.6619
     -5.1876     -7.94137      16.9381
    -6.84932      -10.739       17.454
    -9.04858      -13.866      19.8871
    -11.4776     -16.0802      24.7305
    -13.2485     -15.3213      30.9905
    -13.2169     -10.9505      35.4698
    -11.1667     -5.63785      35.7768
    -8.19104     -2.24466      33.0207
    -5.53773     -1.03822      29.3817
    -3.74483     -1.04966      25.9219
    -2.78319     -1.55406      22.8748
    -2.44809     -2.28386      20.2523
    -2.57154     -3.25264      18.0635
    -3.10368      -4.6039      16.3435
    -4.08692      -6.5264      15.2355
    -5.59981     -9.23815       15.114
    -7.75774     -12.7458      16.6731
    -10.5001     -16.2779      20.8751
    -13.1728     -17.5826      27.9092
    -14.3351     -14.1793      35.0133
     -12.888      -7.5571      37.6868
    -9.57661     -2.28269      35.4801
    -6.14299   -0.0368192      31.4132
    -3.62487     0.325347      27.4411
    -2.12811    0.0123105      23.9883
    -1.38262    -0.437924      21.0079
    -1.11146    -0.903128      18.4218
    -1.13443     -1.43242      16.1951
      -1.377     -2.16066      14.3179
    -1.89585     -3.23672      12.7542
    -2.75916     -4.86845      11.6009
    -4.09182     -7.39193      11.1295
    -6.14049     -11.1177      11.9512
    -9.10476     -15.9259       15.314
    -12.7415       -19.98      22.7925
    -15.5768     -18.8191      33.3642
    -15.2477     -10.6529      40.2495
    -11.5015     -2.04131      39.1069
    -6.77647      1.99957       34.125
    -3.08613      2.82027      29.3018
   -0.789735      2.65562      25.4087
    0.528323      2.53147       22.228
      1.3494      2.75356       19.571
     2.02063      3.41086      17.3839
      2.7788      4.61671        15.71
     3.87253      6.51592      14.6337
     5.48083       9.2658      14.5294
     7.72227      12.9042      16.1507
     10.5805      16.6296      20.5454
     13.3865      18.0191      27.9784
     14.5907      14.3462      35.4777
     13.0132      7.28606      38.1575
     9.49663      1.81936      35.6936
     5.91426     -0.40493      31.4298
     3.32399    -0.722528      27.3708
     1.79084    -0.416858       23.884
     1.00629   -0.0353886       20.886
    0.669851     0.297282      18.2826
    0.595223       0.6103      16.0249
    0.691478     0.960921      14.0814
     0.89914      1.45243      12.3861
     1.26024      2.22782      10.9347
     1.88257      3.45536      9.77682
     2.89152      5.42667      9.04798
     4.50627      8.54092      9.12028
     7.02409      13.1522      10.9061
     10.6284      18.7559      16.2103
     14.6821      21.9518      26.6566
     16.7621      16.9588      38.4148
     14.5001      5.90575      42.1793
     9.31455      -1.6953      37.8961
     4.36667     -4.00455      32.2111
     1.02201         -4.1       27.705
   -0.949666      -3.9371      24.2595
    -2.15427     -4.16435       21.533
    -3.08948     -4.94732      19.4028
    -4.09621     -6.36129      17.9272
     -5.4284     -8.47167      17.3731
    -7.22821     -11.1729      18.1968
    -9.38838     -14.0479      20.9082
    -11.6479     -15.7755      25.7954
    -13.1176     -14.5089      31.5944
    -12.7947     -10.1307      35.2863
    -10.6827     -5.31308      35.1072
     -7.8736     -2.39072      32.3277
     -5.4565      -1.4132      28.8445
    -3.86327     -1.51331      25.5438
    -3.05044     -2.08469      22.6349
    -2.84107     -2.92113      20.1462
    -3.10226     -4.05632       18.112
     -3.7936     -5.64372      16.6369
    -4.96792     -7.87919      15.9525
    -6.72752     -10.8657      16.5293
     -9.0889     -14.2885      19.1549
    -11.7331     -16.7786      24.4803
    -13.6717     -15.9127      31.4476
    -13.5829      -10.925      36.3233
    -11.2465     -5.04205       36.418
    -7.96088     -1.49296      33.2568
     -5.1123     -0.34293      29.3459
    -3.22521    -0.399559       25.742
    -2.20752    -0.866945      22.6029
    -1.80636     -1.46907      19.8866
    -1.82444     -2.20632      17.5604
    -2.16992     -3.20595      15.6323
    -2.86255     -4.66565      14.1561
    -4.00835     -6.82776        13.31
    -5.75304     -9.95478      13.5589
    -8.25186     -14.0288      15.8121
    -11.4006     -17.9231      21.3103
    -14.2591      -18.507      29.9644
    -14.9518     -13.1496      37.4721
    -12.5374      -5.2622       38.757
    -8.48353    -0.246727       35.156
    -4.81644      1.37035      30.5498
     -2.3458      1.42085      26.5005
   -0.927583      1.12528      23.0974
   -0.170382     0.925272      20.1896
    0.254942     0.915023      17.6823
     0.55777      1.08882      15.5201
    0.842405      1.47502      13.6382
     1.21687      2.15618      12.0244
     1.80378      3.26448      10.7131
     2.73126      5.04748      9.81296
     4.20059       7.8629      9.62878
     6.48801      12.0719      10.9154
     9.81092      17.4319      15.2266
     13.7782      21.3788       24.344
     16.4179      18.4345      36.0807
     15.1398       8.3127       41.798
     10.4796    -0.213387      38.8398
     5.45485     -3.38907      33.2417
     1.84951     -3.76306      28.4952
   -0.315144     -3.56634      24.8241
    -1.59034     -3.63591       21.903
     -2.4767     -4.21673      19.5895
    -3.37552     -5.39982      17.8339
    -4.55154     -7.22756      16.7765
    -6.13142     -9.80776      16.8105
    -8.23969     -12.9694      18.5615
    -10.7408     -15.7861      22.7263
    -12.9369     -16.2404      29.0003
    -13.6117     -12.7614      34.6618
    -12.0858      -7.1325       36.384
    -9.14951     -2.84794      34.2476
    -6.21061     -1.01207      30.6092
    -4.07554    -0.746296      26.9767
    -2.83752     -1.13652      23.7504
    -2.29947     -1.77514      20.9538
    -2.26712     -2.59729      18.5781
    -2.63502     -3.68844      16.6463
    -3.36426     -5.24283      15.2084
    -4.55023     -7.51261      14.4894
    -6.35777     -10.6695      14.9994
    -8.86421     -14.5094      17.6407
     -11.816     -17.6372      23.3699
    -14.1536      -17.112       31.375
    -14.2434     -11.5257      37.2918
    -11.6659     -4.65889      37.5343
    -7.93905    -0.610415      33.9588
    -4.72577     0.624607      29.6805
    -2.60937     0.576633      25.8665
    -1.43447     0.201626      22.6002
   -0.873726    -0.172298      19.7779
   -0.671053    -0.507376      17.3208
    -0.68118    -0.862389      15.1798
   -0.846735     -1.32692      13.3234
    -1.17353     -2.01776      11.7383
    -1.72061     -3.10213       10.444
    -2.60601     -4.83285      9.53635
    -4.02323     -7.57468      9.29624
    -6.25478     -11.7276      10.4557
    -9.58446     -17.1122      14.6194
    -13.5839     -21.2889      23.5762
    -16.3503     -18.8889      35.4479
    -15.3437     -8.97737      41.7503
     -10.806    -0.139454      39.1653
    -5.72429      3.30886      33.5737
    -2.01785      3.77033       28.754
    0.219078      3.57498      25.0297
     1.53469      3.62429      22.0627
     2.45264      4.16403      19.6748
      3.3425      5.28005      17.8584
     4.46189      7.06625      16.7553
     6.00477      9.60566      16.7089
     8.08251      12.7575      18.3319
     10.5744      15.6654      22.3395
     12.8317      16.3586      28.5521
     13.6482      13.1221      34.4027
     12.2572      7.49639      36.4415
     9.36015       3.0371      34.4851
     6.37741      1.05183      30.8736
     4.17418     0.714841      27.2139
     2.87816      1.07752      23.9546
     2.29755      1.69841       21.126
     2.22653      2.49688      18.7064
     2.55139      3.56734      16.7086
     3.26046      5.09108      15.2131
     4.42689       7.3016      14.4291
     6.18613      10.4009      14.8259
     8.64734      14.2358      17.2767
     11.6056      17.5305      22.7869
     14.0644      17.3899       30.784
     14.3687      12.0749      37.0845
      11.939      5.06945      37.7435
     8.20727     0.748225      34.3013
      4.9054    -0.642226      29.9944
     2.69836    -0.644912      26.1286
     1.45899    -0.280233      22.8216
    0.857857    0.0876464        19.97
    0.628325      0.40415       17.493
     0.60971     0.719632       15.333
    0.732357      1.11936      13.4497
    0.999141       1.7055      11.8269
     1.45782      2.62117      10.4731
     2.20489      4.08706      9.45046
     3.40898      6.43303      8.95672
     5.32562      10.0788      9.51852
     8.24822      15.2166      12.3581
     12.1758      20.5413      19.5205
     15.8653      21.2332      31.3922
     16.4409      13.0011       41.071
     12.7251      2.35046      41.1326
     7.32355     -3.01166       35.701
     2.93424     -4.15841      30.3949
    0.160031     -4.02918      26.3355
    -1.46546     -3.97764      23.1853
    -2.52457     -4.40317      20.6872
    -3.45629     -5.41161      18.7915
    -4.55615     -7.07337      17.6136
    -6.02815     -9.44088       17.459
    -7.98353     -12.3654      18.8706
    -10.3154     -15.0768      22.4681
    -12.4493     -15.8559       28.101
    -13.3205     -13.1408      33.5868
    -12.1925     -8.06868      35.8186
    -9.58998     -3.76484      34.3113
    -6.77901     -1.67793      31.0226
    -4.63661     -1.23844      27.5203
    -3.36011     -1.57427      24.3356
     -2.7957     -2.24422      21.5632
    -2.76534     -3.15808      19.2155
    -3.17275     -4.40594      17.3361
    -4.01389     -6.16738      16.0549
    -5.36297     -8.64032        15.67
    -7.32064     -11.8745      16.7641
     -9.8616     -15.3239      20.1984
    -12.5002     -17.1787      26.3843
    -14.0167     -14.9719      33.4017
    -13.1958     -9.09193      37.0705
    -10.3305     -3.55175      35.8705
    -6.97469    -0.771455      32.2094
    -4.34083    -0.110535      28.2897
    -2.71714    -0.345439      24.7891
    -1.88997    -0.842748      21.7539
    -1.60123     -1.43144      19.1276
    -1.68284     -2.15206       16.875
    -2.06795     -3.14148      14.9983
    -2.78296     -4.60088      13.5621
    -3.93712     -6.79469      12.7599
    -5.70791      -9.9999      13.0574
    -8.27003     -14.2141      15.4038
     -11.521     -18.2736      21.1342
     -14.476     -18.8407      30.1874
    -15.1428      -13.119      37.9492
    -12.5529     -4.88189      39.0891
    -8.31166      0.17214      35.2618
    -4.56299      1.70683      30.5493
    -2.07762      1.72405      26.4725
   -0.642653      1.45347      23.0717
     0.14682      1.32904      20.1779
    0.626873      1.45152      17.6856
     1.02336      1.84784       15.542
     1.48854      2.57831      13.7316
     2.15292      3.77845      12.2866
     3.16898      5.68106      11.3382
      4.7411      8.60609       11.239
     7.11319      12.7911      12.8046
     10.3967      17.6834      17.5209
     13.9947      20.4193      26.5453
     15.9123      16.4446      36.7384
     14.1737      7.12836      40.6536
     9.74461    0.0372748      37.4323
     5.27962     -2.51408       32.294
     2.14355     -2.84017      27.8756
    0.208318     -2.66824      24.2721
   -0.919174     -2.66533      21.2971
    -1.67072     -3.05749       18.814
    -2.38299     -3.92391      16.7956
    -3.27953     -5.38139      15.3124
    -4.55434     -7.60709      14.5864
    -6.39598      -10.747      15.1157
    -8.91317     -14.5583      17.7925
    -11.8532     -17.6144      23.5434
    -14.1481     -16.9922      31.4937
    -14.1866     -11.3859       37.279
    -11.5958     -4.60041      37.4404
    -7.89852    -0.620131       33.878
    -4.71271     0.603068      29.6295
    -2.60423     0.556707      25.8279
     -1.4369     0.181931      22.5676
   -0.883747    -0.194054      19.7498
   -0.686496    -0.535458      17.2972
   -0.702515    -0.901506       15.161
   -0.877088     -1.38302      13.3103
    -1.21814     -2.10005      11.7334
    -1.78748      -3.2253      10.4543
    -2.70783     -5.01905      9.57921
    -4.17936     -7.85078      9.41315
    -6.47885     -12.0974      10.7192
    -9.83109     -17.5279      15.0818
    -13.8508     -21.5336      24.3465
    -16.5187     -18.4797      36.2793
    -15.1655     -8.13471      41.9793
     -10.402     0.441364      38.8687
    -5.32853      3.56401      33.2047
    -1.71246      3.90576      28.4627
    0.454088      3.71179      24.8186
     1.74075      3.81079       21.924
     2.66638      4.42368      19.6151
     3.59339      5.63161      17.9019
     4.77355      7.52278      16.9518
     6.39108      10.1496      17.1445
     8.52944      13.2741      19.1187
     10.9931      15.8589      23.4945
     13.0256      15.8753      29.7237
     13.4439      12.0895      34.9209
      11.734      6.60607      36.1226
     8.78179      2.69303      33.8166
     5.97747      1.13434      30.2281
     4.02234     0.969778       26.682
     2.90284      1.39737      23.5335
     2.44833      2.07528      20.8059
     2.48556      2.96657      18.4941
     2.92455       4.1894      16.6331
     3.77636       5.9399       15.345
     5.13398      8.44029      14.9227
     7.12388      11.7881      15.9642
     9.75882      15.4952      19.4151
     12.5813      17.6978       25.876
     14.3047      15.5853       33.488
     13.5378      9.30985      37.6254
     10.5276      3.29752      36.4301
     6.95974     0.281744      32.5669
     4.12136    -0.453789      28.4656
     2.34363    -0.249758      24.8553
     1.41289     0.168627      21.7471
     1.01608     0.594302      19.0526
    0.942798       1.0396      16.7108
     1.09227      1.59392      14.6867
     1.44711      2.38799      12.9705
     2.05799      3.60511      11.5952
      3.0438      5.50928       10.688
     4.59997      8.45062      10.5958
     6.98015      12.7152      12.1399
     10.3261      17.8192      16.8743
     14.0726      20.8646       26.155
     16.1557       16.913       36.904
     14.4164      7.15155      41.1324
     9.81577    -0.294137      37.7772
     5.16475     -2.91386      32.4559
     1.92567     -3.21448      27.9861
  -0.0629653     -3.07129      24.3986
    -1.26007     -3.12747      21.4617
    -2.08094     -3.62828      19.0496
    -2.88868     -4.65984       17.152
     -3.9215     -6.34039      15.8835
    -5.37502     -8.81598       15.545
    -7.40726     -12.0936      16.7386
    -10.0079     -15.5607       20.348
    -12.6637     -17.2962      26.7397
    -14.1046     -14.8085      33.8009
    -13.1358     -8.73149       37.248
    -10.1614      -3.2382      35.7988
    -6.78963    -0.573787      32.0281
    -4.17149    0.0348663      28.0853
    -2.55067    -0.211404       24.588
    -1.72932    -0.692686      21.5601
    -1.43798     -1.24186      18.9374
    -1.49653     -1.90106      16.6792
    -1.83589      -2.7988      14.7784
    -2.47838     -4.12399      13.2802
    -3.52598     -6.13427      12.3385
    -5.15389     -9.13343      12.3428
    -7.56647     -13.2628      14.1409
     -10.786      -17.749      19.1247
    -14.0787      -19.614      27.9587
    -15.4989     -15.0834      37.0106
    -13.5072     -6.40501      39.8333
    -9.25916    -0.191615      36.5018
    -5.11897      1.98867      31.5918
    -2.24652      2.18028      27.2911
   -0.558285       1.9376       23.757
    0.393641      1.84622      20.7887
    0.999189         2.06      18.2593
      1.5256      2.63238       16.119
     2.16087      3.65053      14.3767
      3.0705      5.28357      13.1258
     4.44012      7.78325      12.6302
     6.48319      11.3733      13.4995
     9.33802      15.7843        16.88
     12.6807      19.1369      23.9813
     15.0939      17.5897      33.4192
     14.5896      10.1862      39.2566
     11.1444      2.62106      38.1503
     6.89573     -1.04902      33.6216
     3.53944     -1.86676       29.052
     1.43562     -1.70021      25.2228
    0.259034     -1.46635      22.0162
   -0.402708     -1.44334      19.2753
   -0.852179     -1.68986      16.9162
    -1.28645     -2.24389      14.9029
    -1.84956     -3.19826      13.2412
    -2.68312     -4.73282      12.0063
    -3.96493     -7.12483      11.4248
    -5.92354     -10.6795      12.0536
     -8.7642     -15.3423      15.0449
    -12.3178     -19.5428      21.9523
    -15.2885     -19.1207      32.2173
    -15.3629      -11.668      39.6957
    -11.9623     -2.91417      39.3464
    -7.30386      1.57741      34.6137
    -3.49857      2.63699      29.7798
    -1.05916       2.4539      25.8833
    0.253888       2.2362      22.6377
     1.03249      2.35393      19.8925
     1.64791      2.85813      17.5727
     2.31126      3.82497      15.6863
     3.21387       5.3915      14.3203
      4.5434      7.76936      13.7219
     6.49494      11.1357      14.4493
     9.18158      15.2144      17.5156
     12.3002      18.3364      23.9471
     14.6075      17.1717      32.5562
     14.3379      10.6724      38.2381
      11.307      3.55974      37.6972
     7.34186    -0.190604      33.6368
     4.11331     -1.15648      29.2329
     2.05563     -1.02205      25.4253
    0.917445    -0.693514      22.1928
    0.339777    -0.458452      19.4061
     0.05355    -0.354696      16.9803
   -0.103431    -0.359226      14.8614
   -0.220777    -0.456021      13.0094
   -0.351377    -0.654225      11.3927
   -0.537171    -0.994454      9.98703
   -0.827932     -1.55912      8.78003
    -1.29937     -2.49369       7.7844
    -2.07613     -4.04091      7.07462
    -3.35616     -6.58104      6.87436
     -5.4304     -10.6244      7.78516
    -8.65507     -16.4133      11.2854
    -13.0221       -22.24      19.8974
    -16.8962     -21.9152       33.667
    -16.8033     -11.2691      43.2367
    -12.0426    0.0898664      41.4451
    -6.08363      4.73897      35.1234
    -1.62085      5.37937      29.8585
      1.0856      5.16059      26.1016
     2.68765      5.25121      23.3198
     3.81769      5.92902      21.2641
     4.90364      7.23141       19.953
     6.20064      9.12639      19.5975
     7.82598      11.4319      20.5585
     9.71602      13.5507      23.1824
     11.4605      14.3286      27.3228
     12.3236      12.7033      31.6027
     11.7447      9.13303      33.8969
      9.9302      5.57955      33.3754
     7.71402      3.44832      31.0206
     5.84924      2.74772      28.0944
     4.64982      2.94199      25.2638
     4.11455      3.64243      22.7699
     4.14655      4.72093      20.7237
     4.67589      6.21503      19.2549
     5.68991      8.21231      18.5928
     7.19913      10.6996      19.1291
     9.13192      13.3002      21.3839
     11.1643      14.9513      25.5671
     12.5775       14.131      30.6542
     12.4968      10.5551      34.2204
