           1            1            1
     2.23691      4.29535       1.0918
      6.6222      13.4159      4.11123
      16.778        26.63      26.1815
     13.0081     0.204081       45.401
    0.806355     -7.25391      32.2326
    -3.98118     -6.64602      25.9522
    -5.95016     -7.92492      23.1016
    -8.08945     -10.5428      23.4976
    -10.2419     -11.8262      27.4092
    -10.3616     -9.21876      30.7721
    -8.41733     -6.07966      29.6838
    -6.58547     -5.47095       26.339
    -6.32642     -6.87008      23.5383
    -7.60385     -9.46882      23.0014
    -9.68321     -11.6178      25.8907
    -10.5541      -10.308       29.957
    -9.14508     -6.96054      30.3134
    -7.11816     -5.53889      27.4651
    -6.33544     -6.36366      24.3984
    -7.13575     -8.59387      23.0395
    -9.03271     -11.0757      24.7856
    -10.4551     -10.9979      28.8526
    -9.68157     -7.93839      30.5054
    -7.71175      -5.8372      28.4124
    -6.50689      -6.0684      25.3097
    -6.84819     -7.88657      23.3754
     -8.4479      -10.388       24.105
    -10.1621     -11.2697      27.7005
    -10.0125     -8.85187      30.3112
    -8.27955     -6.30773       29.115
    -6.79289     -5.95781      26.1787
    -6.71681     -7.35812      23.8808
    -7.98005     -9.70214      23.7927
    -9.76494     -11.2155      26.6789
    -10.1736     -9.59136      29.8562
    -8.75271     -6.86185      29.5625
    -7.13339     -5.98812      26.9357
    -6.70085     -6.98935      24.4421
    -7.63773     -9.10189      23.7411
     -9.3465     -10.9634      25.8715
    -10.2128     -10.1288      29.2736
    -9.11234     -7.41565      29.8054
    -7.47119     -6.10193      27.5529
    -6.75235      -6.7392      24.9759
    -7.39735     -8.61403      23.8309
    -8.96515     -10.6281      25.2817
    -10.1567     -10.4986      28.6466
    -9.40233     -7.93326      29.9276
     -7.7719     -6.24242      28.0625
    -6.82579     -6.54673      25.4455
    -7.21234      -8.2127      23.9576
    -8.63528      -10.286      24.8422
    -10.0248     -10.7522           28
    -9.69178     -8.44329      29.9906
    -8.04121     -6.37753      28.5468
    -6.89058      -6.3444      25.8707
    -7.02877     -7.83244      24.0566
    -8.32286     -9.95591       24.441
    -9.84973     -10.9335      27.3241
    -9.98833     -9.01578       29.979
    -8.34294     -6.53312      29.0978
    -6.94832     -6.09235      26.3345
     -6.8111     -7.39348      24.1383
    -7.96485     -9.58152      23.9882
    -9.63342     -11.0674      26.5571
    -10.2319     -9.70349      29.7901
    -8.79313      -6.8175      29.7562
    -7.04919       -5.809      26.9725
    -6.56419     -6.83272       24.307
    -7.50203      -9.0468      23.4853
    -9.29771     -11.0961      25.5728
    -10.3922     -10.5007      29.2917
    -9.42114      -7.3991      30.4318
    -7.30598      -5.5827      27.9042
    -6.34161     -6.15037      24.7249
    -6.92756     -8.25462      23.0627
     -8.7314      -10.835      24.3193
    -10.4104     -11.3426      28.3064
    -10.0871     -8.41946       30.865
    -7.90982     -5.60781      29.1568
    -6.25738     -5.44301       25.583
    -6.31938     -7.20388      22.9762
    -7.88694     -10.0557      22.9971
    -10.0775     -11.9459      26.5985
    -10.6708     -9.89681      30.6938
     -8.9142     -6.19389      30.5521
    -6.50636     -4.87718      27.0114
    -5.81708      -6.0146      23.4855
    -6.85874     -8.70731       22.031
    -9.18383      -11.765      24.2565
    -10.9651     -11.6329      29.4151
    -10.0578     -7.64085      31.6039
     -7.3891     -4.75079      28.9857
    -5.61796     -4.90374      24.7928
    -5.87438     -7.01166      21.8857
    -7.78921     -10.4311       22.023
    -10.4648     -12.7739      26.5677
    -11.0726      -10.029      31.5359
    -8.95543     -5.60515      31.1582
    -6.03651     -4.11128      26.9866
    -5.18351     -5.30565      22.8355
    -6.24833     -8.22871      20.8213
    -8.90094     -12.0802      22.8509
    -11.3861     -12.7521      29.1681
    -10.6202     -8.00701      32.5383
    -7.60006     -4.14769      29.9467
    -5.10059      -3.9206      25.0294
     -5.0145     -5.85272      21.2159
    -6.77565     -9.49209      20.2021
    -9.98541     -13.4111      24.1933
    -11.8686     -11.9397      31.3901
    -9.94194     -6.09647      32.7832
    -6.22627     -3.19446       28.458
    -4.42796     -3.83317      23.2784
      -4.893      -6.3111      19.8156
    -7.23726      -10.587      19.6869
    -10.8885     -14.4553       25.465
    -12.1663     -10.9262      33.1693
    -9.08656     -4.42172      32.6117
    -5.12272     -2.47982      27.0951
    -3.81247     -3.60035      21.8166
    -4.61046     -6.37885      18.4904
      -7.338     -11.2066      18.7555
     -11.534      -15.482      25.9596
    -12.5112      -10.253      34.6186
    -8.42105     -3.14532      32.5135
    -4.28258     -1.75014      26.2591
    -3.11069     -2.98038      20.7882
    -3.91714     -5.65486      17.1907
    -6.65361     -10.7134      16.8798
    -11.5069     -16.4459      24.3032
    -13.2341     -11.2943      35.4103
    -8.71883     -2.57587       33.502
    -3.87398    -0.812882      26.6356
    -2.28746     -1.77737      20.6802
    -2.62885     -3.74414      16.3743
    -4.61206     -7.73109      14.3159
    -9.06341     -14.9081      17.8605
    -14.2147     -16.7655      31.8893
    -11.4239      -4.6879      37.0338
    -4.92048     0.419722      29.8029
    -1.56701     0.120076      22.6924
   -0.871559    -0.653159      17.4484
    -1.04669      -1.6699      13.4833
     -2.1328     -3.86742      10.6965
    -4.94483     -9.23983      10.1786
    -11.2393     -19.2087      18.2437
    -16.1233     -14.4244      38.9395
    -8.67714      1.34705      35.7451
    -1.49519      2.85059      26.5753
     1.18863      2.86182      20.4588
      2.6834       4.5215       16.323
     5.22844      8.79193       14.796
     10.0771       15.887      19.8311
     14.0269      14.7043      34.1152
     10.0065      3.56246      35.8909
      4.1436     0.153784      28.5327
     1.91325     0.877737      22.1657
      1.7776      2.10826       17.191
     2.86832      4.49724      13.7852
     5.70923      9.78845      13.1823
     11.3732      17.9527      21.0107
     14.7018      13.1995      36.6876
     8.88004      0.79245      34.6566
      2.3172     -1.18154      27.0523
  -0.0152244    -0.872817      21.5185
   -0.585348     -1.10266      16.5142
    -1.15773     -2.34968      12.7966
    -2.61574      -5.2079      10.3951
    -6.25538     -12.0846       11.106
    -13.6103     -21.1342      24.1712
     -14.023     -8.93066      40.8435
    -6.79378      1.94171      34.1289
   -0.694912      2.63181      25.4566
     1.30437      2.84234      19.6578
     2.91573      4.73204      15.5952
     5.63202      9.37606      14.4456
     10.7908      16.8074      20.8376
     14.6256      13.8307      35.6308
     9.29997      1.65468      35.0302
     3.49407    0.0444076      27.1473
     1.83491     0.889652      21.6907
     1.82354      2.03352      16.6145
     2.71316      4.59984      13.3118
     5.67448      10.1493      12.7166
     11.8797      18.5579      21.5011
     14.4686      12.1517      37.8952
     8.11169     0.169743      34.6118
     2.28209    -0.799938      26.4213
    0.681494     -0.32284      19.9293
    0.209144    -0.027231       15.255
    0.306418    0.0925813      11.4425
    0.412671     0.636165      8.88122
     1.03497      1.47054      7.33251
     2.23131      4.20417      6.01006
     5.50674      11.7184      7.78288
     13.9416       23.077      21.8435
     14.8908      8.63853      42.4641
     5.90263     -3.63041      33.3502
   -0.431736     -3.93836      24.7795
    -2.36154     -4.60114      20.2291
    -4.75457     -7.64653      17.6906
    -8.21864      -13.123      19.2258
    -13.2773     -16.2114      29.8313
    -11.3628     -6.23614       36.451
    -5.84031     -1.00017      29.8749
    -2.81433      -1.4764      23.2474
    -2.48383     -3.08408      18.2906
    -3.85202     -5.98068      15.0895
    -6.29936     -11.8571       16.591
    -12.4185     -17.5757       25.582
    -12.2981      -9.8256      37.5347
    -7.67866     -1.48305      32.7976
     -3.2547    -0.643159      25.4544
    -2.14112     -1.63823      19.7433
    -2.58142     -3.46921      15.5179
    -4.53222     -7.91529      13.3801
    -9.49363     -15.3493      18.0856
    -14.1811     -16.3046      32.4034
    -11.1236     -4.58345      36.1837
    -5.89205    -0.510551      30.1922
    -2.04523    -0.585081      23.5298
    -1.54244     -1.46106      18.0935
    -1.86822     -3.55465      13.7642
    -4.19225     -7.85149      11.9577
    -9.70989     -15.9049      16.9146
    -15.0631     -17.0441      33.4447
    -10.7402     -2.68204      37.4251
    -3.66368     0.989035      29.1517
   -0.854285     0.639511      22.1795
    0.202699     0.262349      16.4413
    0.247759     0.380025      12.5596
    0.551619     0.925411      9.62673
     1.48526      3.16381      7.88239
     4.87407       7.6756      7.11879
     10.7539      19.0058      14.5561
     17.7209      17.4167      39.5484
     9.20267     -3.34625      36.8727
-0.000297883      -5.1489      26.4333
    -3.31608     -5.70103       21.192
    -5.83857     -8.85223      19.1335
    -10.4368     -13.3824      22.4215
    -12.1892     -12.3327      31.4685
    -9.97589     -5.95611      32.9559
    -6.45147     -2.96595      28.9076
    -3.57828      -3.5491      22.7245
    -4.55483     -6.25828      18.8251
    -7.15882     -11.0132      18.8727
    -11.3571     -15.3416      25.7954
    -13.4941     -10.6931      34.2749
    -8.10133     -2.37396      32.4189
    -3.96439     -1.33425      25.5339
    -2.45829     -2.40397      20.4261
    -3.02125     -4.93828      17.2046
    -5.59678     -9.20226      16.1067
    -8.91534     -15.5264      19.9499
     -13.824     -15.9435        32.75
    -10.2723     -3.83085      35.6182
     -4.8723      -0.5916      27.6323
     -2.5018       -1.138      21.4827
    -1.97165     -2.26894      18.2943
    -2.95526     -4.75267       14.797
    -6.07351     -9.54861       13.646
    -11.3402     -17.4026      21.3164
    -14.7057     -13.1852      35.8771
    -9.10542     -1.48613      34.2862
     -3.5316     0.118367       26.701
    -1.73044    -0.504957      21.1049
    -1.24294     -1.63071      16.3496
    -2.45849     -3.42882      12.3192
    -4.57426     -8.25263      11.2323
    -10.1008     -17.3813      16.9626
    -15.9847     -16.5224      35.0059
    -10.5202     -1.14323      36.9807
    -3.04526        1.984      28.2556
   0.0844344      1.82446      21.7462
      1.0708       2.2101       16.435
     2.46725      4.44385      12.6981
     5.43689      9.83924      12.1798
     11.4625      18.4365       20.436
     14.4316       12.841      37.4197
     8.82645     0.982081       34.075
     2.50328    -0.172568      26.7124
     1.39277     0.449999      20.6418
     1.06539       1.0365      15.6356
      1.5956      2.72937      11.5711
     3.54264      6.60109      9.85721
     8.31799      15.1736      13.3041
     15.6436      20.0189      31.1812
     12.0497      2.97778         39.3
     3.70291     -2.60432      29.5656
   -0.999861       -2.469      23.5559
    -1.68755     -2.98607      18.8062
    -2.50697     -5.53389      14.2811
    -6.24834     -11.2439      14.3524
    -12.1089      -18.049      24.2905
    -12.8028     -10.5429      36.0655
    -8.31633     -2.36923      32.5829
    -3.80422     -1.18281      25.8361
    -2.38903     -2.61895       20.847
    -3.50214     -5.11614      16.8311
    -6.79738     -9.82861      15.4262
    -11.5682     -16.2411      23.3939
    -13.5333     -11.9167      35.1856
    -9.16985     -2.41116      32.8483
    -3.98359     -1.10572      25.8972
    -2.46994     -2.22137      20.4024
    -2.76659     -4.81721      16.9772
    -5.42675     -9.20532      15.4486
    -10.6824     -15.7709      21.6303
    -12.5631     -13.2201      33.4145
    -9.74166     -4.68687      34.1346
     -4.9644     -1.42251      27.8128
    -2.73891     -2.36843      21.0571
    -3.29431     -4.74903      16.9654
    -5.75871     -9.17526      15.7697
     -10.504     -15.7821      21.2213
    -13.7967     -12.7895      34.0626
    -9.00751     -2.63901      36.0239
    -4.07895    -0.252521      28.0072
    -1.83604     -0.66577      21.2227
      -1.685     -1.73988      16.4086
    -2.61086     -4.06485      13.0287
    -5.34115     -9.36883      12.3446
    -11.2831     -18.0933      19.8461
    -15.2893     -13.8224      36.5383
    -9.48514    -0.573614      35.7611
    -3.06557      1.64891      26.1466
  -0.0990776      1.16279      19.6592
    0.743166      1.44271       15.099
     1.61027      2.75977      11.9671
     3.56497      6.60993      10.4314
     8.30405       14.862      13.6293
     15.1083      19.3508      30.6912
     11.6125      3.67422      38.4608
      4.1196     -1.06733      30.3783
     1.91477    -0.816427      21.7811
    0.195201    -0.502818      16.6709
  -0.0407712    -0.463115       13.086
   -0.316685    -0.691017      10.0523
   -0.736178     -1.45331      7.59395
    -1.70777     -3.95382      5.69293
    -4.78805     -10.8004      7.11807
    -13.2142     -22.7491      18.6813
    -15.9254     -10.7674      42.4358
    -6.81637      3.97011      34.8269
    0.559034      4.64468      25.7386
      3.2144      5.46366      20.7201
     6.03153      8.74912      18.0144
     9.62385      13.9473      21.5989
     13.5243       13.461      32.5318
     9.20391      4.50657      33.6284
     5.11241      2.55785      27.8401
     3.77923      3.64055       22.393
     4.56015      6.20746       18.867
     7.23766      10.8005      18.8735
     11.2913      15.2856      25.7366
     13.2574      10.2714      33.1491
     8.42682      2.86045       32.001
     4.11673      2.34659       26.744
      3.1355      3.08038      21.0578
     3.89527      5.57314      16.5238
     6.75529       10.913       16.456
     11.8653       16.603      24.6621
     13.0913      10.3964      35.4502
     8.12011      2.51754      31.9862
     4.04357      2.36667      26.0504
     3.94896      3.42939      21.1403
     4.54029      6.24363      17.9094
     7.43287      11.2771      18.3317
     11.7431      15.7507      26.1783
     12.4073      9.92424      34.9566
     7.93071      2.78805      32.0075
     3.78879      1.61556       26.117
     2.59243      2.92424      19.3553
     3.52225      5.84561       15.827
     6.78325      11.1621      16.0428
     12.0913      17.0863      24.7273
     13.2074      9.64819      36.4229
     7.25908      0.54647      33.4837
      2.5459    -0.029242      25.4677
     1.64034    -0.117507      18.6046
    0.304858        0.959      15.1504
     1.09889      1.88182      11.7198
     2.45372      4.55521      9.50551
     5.96082      10.9589       10.261
     13.0067      20.7928      22.0451
     14.9485      10.6907       40.153
     7.72956     -1.78769      32.9239
     1.48802     -2.48275      24.9847
    -1.04273     -2.61263      19.3028
    -2.40849     -4.29079      15.4747
     -5.0745     -8.57081      13.9875
     -10.054     -16.0783      19.1482
    -14.3575     -15.3297      33.9315
    -10.3297     -3.15869      35.7287
     -3.7127    -0.259447       27.176
    -1.77696    -0.842711      21.0683
    -1.40258      -2.4386      17.2173
    -2.90481     -4.79432      13.8527
    -5.92773     -10.1079      13.4601
    -11.5487     -18.0667      21.4275
    -14.6939     -12.8919      37.0263
    -8.79236    -0.845145      34.6418
      -2.722     0.797502      26.5067
   -0.988825    -0.143666       20.611
  0.00611496    -0.140662       15.033
    -0.43221    -0.255604      11.1914
   -0.250732      -1.1409      8.10393
    -1.32166     -2.58854      6.26078
    -3.54055     -7.05859      5.82573
    -9.29795     -17.8283      11.8397
    -17.4099     -20.3424      36.1862
    -10.4935      2.06922      39.2802
   -0.889237      5.15582      28.3549
      3.0982      5.44749      21.8739
     5.16505      7.96481      19.0845
     8.60578      12.6891      21.0186
     12.2763       14.216      29.7079
     10.8632      6.97534      34.1421
     6.33399        3.002      28.9205
     4.73537      4.13331      24.0164
     5.02829       6.4069      21.1629
     7.64429      9.71186      19.8868
     10.5156      13.7892      25.0341
     12.0577      11.0256      32.7679
     8.77293      4.57597      32.1665
     4.94147      3.17757      26.1463
     4.40165      4.94015      21.3249
     5.59944      8.01648       19.651
     8.77584      12.8077      22.2649
     12.7094       13.685       28.955
     10.9358      6.93892      33.7596
     6.67978      2.78472      29.3716
     4.03325      3.00137      23.4745
     4.07078      5.55754      18.9279
     6.44225       10.046      18.0367
     10.7007      15.3569      23.6902
     13.7656      11.9179      35.0081
     8.36868      1.90836      33.2509
     3.76622     0.841214      25.4246
      2.3224      2.24971      19.8737
     2.92457      4.18155      15.8509
     5.00535      8.89154      13.7168
     10.2352      16.7534      19.2902
     14.7571      15.2633      35.1504
     10.2458      2.11465      36.1779
     3.82048     -1.34194      27.0391
    0.183836     -1.36753      21.4946
   -0.350003     -1.47331      17.2365
    -1.41041     -2.14638      13.4401
     -1.9557      -5.2068      9.90342
    -5.78702     -11.6834      10.4885
    -13.1097     -21.4354      23.1098
    -14.6094     -9.57276       40.683
    -6.38558      2.13461      34.0724
   -0.239687      3.25618      24.8815
     1.58382      3.66177      18.5939
     3.65296      6.06576      15.4515
     6.47989      12.2161       15.469
     12.5635      18.3053      25.8672
     13.2104      9.32867      37.6493
     7.11162     0.527905      32.4473
     2.72548     0.329959      25.0488
     1.51178      1.18822      19.6096
     1.88562       2.6314      15.2435
     3.53638      6.05631      12.8212
     7.53959       12.993      14.9692
     14.4676      18.5022      26.7382
     13.0426      6.93866      38.0179
     5.70203    -0.206002       30.587
     1.75048   -0.0515304      23.6554
    0.935754      1.03103      18.7025
     1.36606       2.2371      14.4447
     2.96956        5.029      11.9932
     6.12047      11.1253      12.4807
      12.771      19.5436      22.9983
     14.0754      10.6394       38.443
     7.67585     0.234701      33.3848
     2.37206    -0.493695      25.2753
     1.49116     0.486812      20.1774
    0.961884      1.33349      15.9481
     1.61315      2.36989        12.69
     2.28615      6.17902      10.3888
     6.87955      13.2603      11.8258
     13.9741      21.3965      26.2637
     13.7597      7.12381      40.6142
     5.58664     -2.31884       32.157
     0.17486     -2.79429      24.6467
    -1.41824     -3.05273      19.5421
    -3.02634     -4.93645      15.6227
    -5.01289      -9.9113       15.888
    -10.5234     -16.5841      21.6942
    -14.1706     -13.8672      34.6469
    -9.05272     -1.49561      33.4968
    -3.95186     0.137477      24.8266
    -1.93459     -1.18759      19.1063
    -2.25421     -2.78887      14.7939
    -3.17509     -6.65357      13.9383
    -7.83329     -12.8292      15.8787
     -13.494     -17.9315       27.819
    -12.7476     -7.40973      37.4671
    -7.18851    -0.198955      30.0821
    -2.48047     -0.35053      22.9383
    -1.71283     -1.63242      17.6703
     -2.4306     -4.12198      14.0197
    -5.67025     -8.68674      14.0984
    -10.2592     -16.0925      19.8606
    -14.2309     -14.6632       34.212
    -9.79318     -2.95618      35.1813
     -4.0391    -0.614338      27.2057
    -2.20575     -1.66172      21.0746
    -2.52635      -3.5313      16.5979
    -4.85587     -7.24891      14.7925
    -8.96475     -14.3011      17.8645
    -14.0159     -16.3233      31.7492
    -11.1386     -4.65396      36.5403
    -4.45615    -0.257189      28.5565
    -2.15349     -1.23314       21.801
    -2.06769     -2.86461       17.026
    -3.80636     -6.12931      14.1641
    -7.61027     -12.0615      15.5583
    -12.5211     -17.6459      27.3366
     -12.885     -8.86222      37.3325
    -6.87865    -0.893002      32.1794
    -2.32912    -0.183791      24.2178
    -1.65134     -1.40134      18.2605
    -2.30581     -3.42128      14.0436
    -4.81557     -7.47014      12.7227
     -9.2024     -15.2295      17.2415
     -14.617     -16.8873      32.2387
     -10.301     -4.11989      38.0406
    -4.37218     0.246105      29.9522
    -1.47133    -0.326289      22.9932
    -2.02237    -0.858825      16.4372
    -2.01464     -2.74738      12.5458
    -4.48188     -6.64614      11.6274
    -8.49984     -14.9174      15.2919
    -14.8719     -18.9651       31.299
    -12.1906     -3.86541      39.2398
    -4.00589      2.16015      30.1289
   -0.420777      1.87565      22.3903
     1.12474      2.39169      17.0721
     2.55292      4.51053      13.7463
     5.86618      10.4623      12.2476
     12.3056      19.7553      21.3113
      14.749      11.6077      39.7237
      7.5948      -1.0806      34.4242
    0.449305     -2.55025      26.3417
   -0.981784     -2.21543      20.7073
    -2.22951     -3.45748      16.2386
    -4.25072      -7.0623       13.492
    -8.48172     -14.5789      16.5317
    -14.3878     -17.5772       31.444
     -11.466     -4.49852      37.4029
    -4.50005     0.269958      29.9018
     -1.9006   -0.0902824      22.5086
    -1.12508     -1.11416      17.2286
      -1.803     -2.38756      13.0745
    -3.28318     -5.76326      10.8866
    -7.31488     -13.2647      12.6398
    -14.8672     -20.9007      28.2806
    -12.5879      -4.9327      40.6403
    -4.02548      2.21068      31.8455
    -0.41021      2.06848      23.5584
     1.14728      2.54197      17.8348
     2.66176      4.62037      14.2534
     5.53511      9.66405      13.4238
     11.2428      17.8103      20.8129
     14.8853      13.1619      37.2301
     8.72041     0.505308      34.7978
     2.14461     -1.54238      26.6114
    0.125978    -0.722711      20.6726
   -0.365497    -0.667421      15.8968
   -0.772063     -1.24768      12.4903
    0.150085     -2.76461      7.95946
    -1.87963     -5.14312      6.35878
    -6.05125     -12.7823      8.44911
    -14.9262     -23.2559      24.1018
    -14.0321     -5.90291      42.3646
    -3.89811      3.86594      33.3719
    0.655403      3.63713      25.2854
     2.66048      4.57493      19.7636
     4.78384      7.83982      17.1892
      8.5896      13.5052       19.659
      12.656      15.3207      29.7333
      11.386      7.26205      34.8792
     6.65891      2.18373      29.8055
      2.1076      1.60332       25.653
     2.99369      2.97742      20.6126
     3.78931       5.7504       17.023
     6.85088      10.6034      16.8671
     11.6694      16.0481      24.4374
     12.6966      11.1365      34.3815
     8.92215      3.56706      32.7335
     4.68306      1.98465      26.4739
     3.43462      3.35457      20.9548
     4.66568      6.77211      17.9549
     7.81525       11.902      19.7107
     11.8817      14.9392      27.6524
     11.6974      8.69659      34.3588
     7.02053      3.46985      30.1642
     4.85491      3.45874      24.8441
     4.52185      5.44136      20.6717
     6.25931      8.97666      19.5234
     9.66974      13.7027      23.3718
     12.2165       12.678      31.6009
     9.92581      5.73182      33.2335
     6.03449      2.73264      28.2864
     3.18417      3.76089      21.4441
     5.57869      6.62557      18.7261
     7.81423      11.5276      19.8884
     11.3211      14.8402      27.8098
     11.8046      9.20693      34.2308
     7.72216      3.34366      31.1707
     4.57772      2.75463      25.3657
     3.88896       4.1967      20.5093
     5.09838      7.68876      17.4157
     8.05104      13.2844      21.0005
     11.0283      14.6493      28.3374
     11.1459      9.13618       34.648
      7.7575      3.32084      31.3357
     4.61159      2.57636      25.4115
     4.03578      4.09772      20.7234
     5.06496      7.09685      17.7345
     8.46434      13.0359      18.7222
     13.6932       15.758      29.6614
     11.2702      6.09014      35.8303
     5.94594      1.19039      29.6794
     2.94553      1.71063      23.0512
     3.22322      4.28301      18.9155
      4.8189      8.04048      17.6391
     8.78844      13.5013      20.0468
      12.983      15.1237      29.8497
     11.1858      6.62028        34.92
     5.31643      2.15621      31.1141
     5.16645      2.51011      23.7968
     3.99853      5.08312      19.9519
     6.11231      8.97683        18.32
     9.85312      14.2264      22.4864
     13.0075      13.3157      31.7239
     10.0992      5.08493      33.5097
     5.78975      2.41102      28.0708
     3.72986      3.15358      22.7033
     3.82151      5.74762      19.3827
      6.4682      9.99065      18.3448
     10.5924      14.9854      23.8611
     12.7655      12.0392      33.6276
     9.68459      3.99821      32.4439
      4.8888      2.36215      26.0193
     4.47103       3.7894      21.7401
      4.6008      6.58326      19.2007
     7.40871      11.3561      19.7843
      11.357      14.9664       26.661
     11.9946      9.74761      34.1756
     7.98299       3.3587      31.4392
     4.61893      2.86004      25.4086
     4.49489      5.23473      20.1942
     6.17619      9.27797      17.9613
     10.9523      14.1734      23.3773
     11.6052      12.0656      33.9242
     9.21481      4.75804      33.4377
     4.93704      2.55368       27.296
     3.82057      3.78968      21.9137
     4.62469      6.39426      18.4637
     7.38104      11.4648      18.3031
     11.7227      15.6143      26.6363
     12.3325      9.99068      35.3238
     8.52933      2.43565      33.0128
     3.56226     0.977775      25.7311
     2.55716      2.25516      20.0096
     3.18096      4.65451      16.2513
      5.2279      9.31616      14.4807
     10.6598      16.8745      20.1712
     14.4864      14.4113      35.4076
     9.66916      2.03036      35.3111
     3.55619     0.105759      26.8705
      1.2031      1.59488      22.6117
     1.96566      2.74364      17.7143
     3.22542      5.55178      14.4557
     6.58843      11.2376      14.7705
     11.8789      17.5365      23.6338
     13.9554      11.3139      35.9893
     8.06131      2.17385      33.0541
     4.37041      1.09028      26.5362
     2.55891      2.06029      20.8885
     3.10732      4.06438      16.7053
     5.19444      8.37968      15.0597
      9.8264      15.5585      19.3695
     14.1802      14.9744       33.063
     10.1208       4.0826      35.1416
     5.01003      1.36135      28.1077
     3.26865      2.03963      22.7007
     3.13263      3.85504      18.2082
     4.90601      7.56223      15.8784
     8.81843       13.953       18.803
     13.2909      16.3003       30.989
     11.6058      5.58769      35.3029
     5.81502      1.44727      28.7854
     3.23978       2.3937      22.5808
     4.06235      4.37097      19.1052
     5.48264      8.15374      17.3818
     9.28285      13.8399      20.5385
     12.7753      14.5258      31.3507
     10.6033      6.00637      35.4221
     4.62141      1.56509       27.762
     3.51308      2.97198      21.4087
     4.07082      5.71003      17.8008
     6.84485      10.4265      17.4662
     11.3827      15.6786      24.3761
     13.0025      11.1344      34.5565
     8.51295      2.75676      32.9254
     3.44748     0.600781      27.5719
     2.37188      1.10922      22.5071
     2.08807      1.92499       17.664
     2.41984       4.5727      13.2961
     6.43965      10.1814      11.5303
     12.6466      19.2684      21.8019
     14.8593      11.4434      38.8296
     7.79002      -0.6433      34.1989
     1.73736     -1.64865      25.6918
   0.0184942     -1.45992      19.1344
    -2.64814     -2.45627      15.7841
    -3.25005     -5.81973      13.3262
     -6.9668     -12.0982      14.2732
    -13.0101     -19.0541      25.8862
    -13.4154     -8.96379      38.3924
    -6.78569    0.0721346      32.5193
    -1.86302      0.69311      24.6115
   -0.667661    -0.295898      18.4084
   -0.681493    -0.898409       14.023
    -1.17316     -2.10724      11.0068
    -2.78567     -5.13118      9.07932
    -6.71487     -12.5725       10.569
    -14.3071     -21.6921      25.5004
    -13.7267     -6.80144      40.9836
    -4.88244      2.12129      31.7728
   -0.520345       2.0956      23.8768
     1.11708      2.28313      18.5227
     2.24542      4.05733      14.6509
     4.70973      8.39708      13.0965
      9.8152      16.3409      18.1669
     14.8203      16.1982      34.3194
      10.469      2.95695      35.8107
      4.9444    -0.448785       28.146
     1.47238     0.105864      21.6573
     1.00392     0.930796       16.586
     1.36074      2.36682      12.8514
     2.88022      5.47552      10.5622
     6.76792      12.6052      11.9386
     13.9455      20.6561      25.9066
     13.2258        7.715      39.4844
     6.07062    -0.790216       32.122
     1.56755     -1.11668       24.449
    0.526698    -0.784722      18.8138
   -0.162309    -0.738462      14.3639
   -0.631545     -1.33925      11.0275
    -1.53282     -3.10625      8.87161
    -4.07088     -8.08377      8.15928
    -10.6049     -18.2089      14.0693
    -17.0197     -17.7085      37.2043
    -10.0105       1.3115      37.4027
    -1.37111       3.7066      27.2868
     1.74714      3.82304      21.1042
     3.72013      5.81347       17.512
      6.6062      10.5036      17.1501
     11.3046      16.0844      24.1261
     13.3159      11.3462      35.1984
      8.4012       2.7673      33.1792
     4.91563      2.24085       25.058
     3.36434      4.05001      19.6358
     5.02469      7.38606      17.2084
     8.41383      13.1655      19.3498
     12.6817      15.6724      29.4649
     11.5238        7.019       35.527
     5.20315      1.71626      30.1032
     3.45382      2.48356      23.2469
     3.61727      4.61167      18.8935
     5.62677      8.40847       17.093
     9.66005      14.1918      20.8389
     13.2248      14.3017      31.7702
     10.5897      5.26352      34.7244
     5.52656      1.60681        28.57
     3.18366      2.51905      22.3266
     3.51822      4.80602      18.2656
     6.81064      8.73981       15.137
     9.53104      14.6297      22.1495
     12.9016      13.7441       32.514
     10.1233      4.86473      34.3455
     5.19181      1.77207       27.926
     3.41723      2.86479       22.059
     3.88261      5.20951       18.213
     6.00602      9.73476      16.8403
      10.727      15.7159      22.5327
     13.4087      12.8536      34.2261
     9.43811      3.41688      34.0821
     4.36674      1.05712      26.9916
     2.69775      2.32403      20.8713
     3.31855      4.52514      17.0302
     5.21211      8.93927      15.1305
     10.2619      15.9741      20.0681
     14.1844      14.7478      34.1367
     10.1506      3.18718      35.5281
     4.29855   -0.0196491      28.0713
     1.30378     0.834012      20.8772
     1.67775      1.86368      16.3065
       2.357      4.03627      12.7813
     5.04819      9.25962        11.42
     11.0716      18.4549      18.8913
     15.4553      14.5752       37.473
     9.27354    0.0831457      35.8025
     2.41863     -1.93115      27.0037
   -0.132046     -1.98663      20.8556
    -2.46243     -2.62133      15.0792
    -3.80331     -6.55518      12.3342
    -8.12315     -13.7875      14.3443
    -14.4006     -19.3028      29.4059
     -12.399     -5.61973      38.7633
    -4.88701      1.02595       30.953
    -1.09544     0.811041      23.7005
    0.338008     0.409305      17.4456
    0.347367     0.729562      13.3264
    0.868973      1.58168      10.5256
      2.6773      4.17083      7.37761
     5.76106      11.3247      8.15943
     13.8266      22.5371       22.024
     14.7364      8.87368      42.1273
     5.86345     -2.99057      33.7223
    0.535445     -3.06212      24.4358
    -2.06827     -3.77878      18.7099
    -4.09104     -6.96866      15.5996
    -8.24163     -12.6596      16.7158
    -13.1218     -17.1418      28.5596
    -12.4038     -7.49541      36.8207
     -6.3951    -0.895589      31.0328
    -2.69377    -0.993229      24.2394
    -2.67745     -2.47798      18.0681
    -3.33917      -5.2809      14.5521
    -6.43285     -10.9501      14.8423
    -12.6253     -18.2667      23.0632
    -13.8145     -10.8214      37.3056
    -7.85341    -0.897216      33.4359
    -2.76237    -0.014172      25.6924
    -1.33212    -0.874762      19.8405
   -0.850755     -1.89743      14.4685
    -2.29865     -4.02008      11.2374
    -4.98162     -9.52568      11.1511
    -10.7332     -18.9516      18.2931
     -15.895     -15.2735      37.7969
    -9.40615     0.394571      36.2191
    -2.07073      2.51877      26.8962
    0.565843      2.27731      20.5929
     1.30141      3.62496      15.3326
     3.98816      6.70135      13.1588
     8.11481      13.8501      15.7053
     14.1048       18.299      29.6026
     12.3866      6.42647      37.8152
       6.103    0.0544759      29.8646
     2.43956     0.319703      22.7975
     1.66318      1.77211      17.5675
     2.79283      3.89687      14.5945
     4.82988      8.52693      13.5124
     10.1116      16.9786      18.3486
     14.9196      16.4248      33.7619
     10.8806      2.98921      36.5322
     3.98045    -0.442477      28.3637
     1.36154      0.24405      21.7258
     1.00108      1.05193      16.7371
     1.71006      2.67351      13.3682
     3.28556      5.96478      11.5835
     7.16907      13.1658      12.9522
     14.2692      20.5316      27.1345
     13.2198      6.71799      39.8991
     5.45559     -1.65066      31.8418
    0.805212     -1.81327      23.9744
   -0.849274     -1.93391      18.0625
    -2.35982     -3.42713      14.8752
    -4.33883     -7.31259      12.8007
    -8.79586      -14.808      16.1813
     -14.528     -17.9633      31.5269
    -11.5807     -4.49752      37.8025
    -4.71075     0.609361      29.5806
    -1.45673     0.307349      22.3571
   -0.648283    -0.307074      17.1734
   -0.829566     -1.20543      13.0236
    -1.77952     -2.98343      9.56167
    -5.00806     -7.51386      9.69611
    -10.1363       -17.54      15.9801
    -16.1043      -17.287       35.664
    -10.2123    -0.561176      37.2267
    -2.44508      2.37205      27.7578
    0.453057       2.0885      21.1831
     1.51721      2.80537      16.2409
     3.34737       5.5034      13.2663
     6.67207      11.7262      13.9635
     12.6847      19.0439      24.4712
     13.9972      10.0492      38.3398
     7.35997   -0.0181276      33.1685
     2.27974    -0.750593      25.2262
    0.697086    -0.168626      19.2223
    0.620167     0.500297      15.0848
    0.801488      1.03751      12.0508
     1.24226      2.89473       9.1301
     4.59901      7.77679      6.56906
     10.2353      19.2915      13.7538
      17.265      17.8884      38.5698
     9.66669     -2.38163      37.5402
    0.599493     -4.45195      27.2252
    -2.68908     -5.03899      21.1256
    -5.70227     -7.45192      18.8888
    -8.40839     -12.0522      20.5955
    -11.8432     -14.3469      28.4751
    -11.3033     -8.35791      33.9673
    -7.29975     -3.45042      30.4098
    -4.60514     -3.34253      24.8831
    -4.60104     -5.32367      20.3878
    -6.40267     -9.05408      18.6956
    -9.92747     -13.4409      22.7325
    -11.8695     -13.0132      32.1662
    -9.89579      -5.7764       33.592
    -5.91199     -2.76246      28.3367
    -4.17017     -3.54389      22.9809
    -4.87424     -6.01662      19.0383
    -7.23354     -10.5999      18.7371
    -11.3415     -14.8819      24.9627
    -12.7442     -11.0765      34.2578
    -8.52673     -3.20025      33.0677
    -4.31249     -1.67145      26.4436
    -3.01552     -3.01907      20.9472
    -4.06137      -5.6743      16.9999
    -6.78219     -10.9226      16.8077
    -11.9157     -16.3227      24.2718
    -13.1558     -10.8948      35.4416
    -8.33124     -2.45594       32.881
    -3.89944     -1.34864      25.9409
    -2.68052     -2.68536      20.3253
    -4.19648      -6.2607        17.13
    -6.92414      -11.605      18.3983
    -12.2026     -15.7272      25.5069
      -12.41     -10.0071      34.9018
    -7.94254     -2.95738      32.0309
    -4.16904     -2.15793      25.6065
    -3.27869     -3.57148      20.5836
    -4.26575     -6.88992      17.9471
     -8.2927     -11.8575      18.0004
    -12.3644     -16.1657      27.4915
    -12.8611     -8.38909      34.9022
    -7.23706     -2.06324      30.8379
    -3.72639     -1.96411      24.3997
    -3.05894     -3.65111      19.5875
    -4.29766     -7.07345      17.1089
    -8.02188     -12.7172      18.4987
    -12.8372     -16.6186      28.2613
    -12.5344       -7.686      35.4623
    -6.91554     -1.60515      30.5781
    -3.33334     -2.00875      24.2652
    -4.17699      -3.6987      18.3884
    -5.26071     -8.10227      16.6552
    -9.33933     -14.3419       20.066
      -13.14      -14.925      31.4241
     -10.762     -5.88167      34.7711
    -5.89947     -2.00115      29.0679
     -3.3262     -2.33884       23.017
    -3.25779     -4.57704      18.5763
    -5.39032     -8.78613      16.9847
    -9.74183     -14.7303      21.0087
    -13.3826     -14.2109      32.5271
    -10.0691     -4.34934      34.3224
    -5.19411      -1.7276      27.4071
    -3.08247      -2.6933      21.7909
    -3.55639     -5.24409      17.5884
    -6.04873      -10.102      17.0957
    -10.9548     -15.8508      23.1639
    -13.3612     -12.2459       34.504
    -9.19761     -3.11225      33.6479
    -4.39417     -1.19408      26.8123
      -2.512     -2.35768      21.4809
    -4.16236     -4.66467      15.5508
       -5.99     -10.5207      15.8633
    -11.5257       -17.09      23.2703
    -13.6666      -11.877      36.0438
    -8.61746     -1.91862      33.7736
    -3.52678    -0.366177      26.2856
    -1.62009     -1.11923      20.5839
    -1.46266     -2.72458      15.3747
      -3.289     -5.82965      12.1106
    -6.52056     -12.9669      14.4554
    -13.6228     -19.3336       26.568
    -13.3087      -7.7967      38.7332
    -6.30137     0.749726       31.915
    -1.38108      1.19253      24.2117
    0.015973     0.465328      18.5718
    0.282739     0.799877      14.2522
     1.39763       1.3625      10.0519
     1.96638      3.81268      8.59642
     5.06965      9.89254      9.15305
     11.8965       20.595      18.9419
     15.9461      13.4699      39.8343
     8.82815     -2.13191      35.6248
    0.747872     -3.79144      26.2394
